0.sb 1,2,3,4,5,6,8,0
000.pe 1,2,3,4,5,6,7,8,0
0000.cn 1,2,3,4,5,6,7,8
00005555.cc 2,3,4,5,7,8
000a.biz 1,3,4,6,7,8,0
000space.com 1,2,3,4,5,6,7,0
000webhost.com 1,2,3,5,6,7,8
00117163.xyz 1,2,3,4,6
001shop.com.br 1,2,3,5,6,7,8,0
002777.xyz 1,2,3,4,5,6,7,8,0
00498.com 1,2,3,4,5,6,7,8,0
005584.com 1,2,3,4,5,6,7,8,0
005679.com 1,3,4,6,7,8,0
005net.com 2,3,4,5,7,8,0
006622.xyz 1,3,4,5,6,8,0
007.com 3,6,8,0
007.info 1,2,3,4,5,6,7,8,0
007.tools 1,2,3,4,5,6,7,8,0
009.am 1,2,3,4,5,6,7,0
0098118.com 1,2,3,4,5,6,7,8,0
00991169.xyz 1,2,3,4,5,6,7,0
00m.in 1,3,4,5,6,7,8,0
00px.net 1,2,3,4,5,6,7,8,0
00server.com 1,2,3,4,5,6,7,8
00web.net 1,3,4,6,7,8,0
01-114.com 2,3,4,5,6,0
01-xnxx.com 2,4,5,7
01.org 1,2,3,5,7,0
0101host.com 1,2,3,4,5,6,8,0
0109480.xyz 1,2,3,4,6,8,0
011.com 1,2,3,4,5,6,7
0115765.com 1,2,3,4,5,6,7,8
011810.com 3,4,6,7,0
011info.com 1,3,5,6,7,8,0
012.net.il 1,2,3,4,5,6,7,8,0
0123401234.com 1,2,3,4,5
0123movies.lol 1,3,4,5,6
0123movies.to 1,2,3,4,5,6,7,0
013net.net 1,2,3,4,5,6,7,8,0
018.net.il 1,2,3,4,6,8,0
01800telefono.com.mx 1,2,3,4,0
018999.xyz 1,2,3,4,5,6,7,8,0
01com.com 1,3,4,5,6,7,8,0
01counter.com 1,2,3,4,5,6,7,8,0
01digital.com.br 1,2,3,4,5,6,7,8,0
01streaming.stream 1,2,3,4,5,6,7,8,0
01x.com.br 1,2,3,4,5,0
01xz.net 1,4,5,6,7,8,0
020.net 1,2,3,4,5,6,7,8,0
020jinniu.com 1,2,3,4,5,6,7,8,0
020tzs.com 1,2,3,4,5,6,7,8,0
020yibao.com 1,2,3,4,5,6,0
021.rs 1,2,3,5,6,7,8,0
021dental.com.br 3,7,8
021huisheng.com 3,4,7
023n03dny.cc 2,4,8
025vslo7kf.com 3,5
028xml.com 4,5,6,7,8,0
02es.com 1,3,4,5,6,7,8
03.co 1,2,4,5,6,7,8,0
034motorsport.com 1,2,3,4,5,6,7,8,0
037-hd.com 1,2,4,5,0
0371gspf.com 2,3,4,6,7,8,0
0371hzqq.com 1,2,3,4,5,7,8,0
037hdd.com 1,2,3,4,5,6,7,8,0
03jili.com 1,2,3,4,5,6,7,8,0
03july.com 1,2,3,4,5,6,7,8,0
03xxx.net 1,2,3,4,5,6,7,8,0
03zj.com 1,2,3,4,5,6,7,8,0
04.co 1,3,4,6,7,8,0
0451marry.com 1,2,3,4,5,6,7,8
04fx.net 1,2,3,4,5,6,7,8
04uk.com 1,2,3,4,5,6,7,8,0
05.co 2,3,4,5,7,8,0
0516lvyou.com 1,2,3,4,5,6,7,8,0
0531soso.com 1,2,3,4,5,6,7,8,0
0551bjb.com 1,2,3,4,5,6,7,8,0
056.ua 1,2,3,4
0571qianyue.com 2
05nia.com 7,8,0
06.co 1,4,7
06ak.com 3,4,5,6,7,8
0755nice.com 2,4
075661.xyz 1,4,0
07770555.com 2,4
07c225f3.online 5,7,8,0
07th-expansion.net 1,2,3
0889.org 6,7,8
08online.com 2,4
0901kk.com 1,2,3,4,5,6,7,8,0
0930-69.com 1,2,3,4,5,6,7,8,0
096440.com 1,2,3,4,5,7,8,0
098u.com 1,2,3,4,5,6,7,8,0
099.net.il 1,2,3,4,5,6,7,8,0
09sama.com 1,2,4,5,6,7,8,0
09vpn.com 1,2,3,4,5,6,7,8,0
0bad.com 1,2,3,4,5,6,7,8,0
0bin.net 1,2,3,4,5,6,7,8,0
0bt0.com 1,2,4,6,7,8,0
0day.kiev.ua 1,2,3,4,5,7,8,0
0daymusic.org 1,2,3,4,5,6,8,0
0fees.net 1,2,3,4,5,6,7,8,0
0ff.cc 1,2,3,4,5,6,7,8,0
0ffersonlinenow.com.es 1,2,3,4,5,6,7,0
0g.cx 1,2,3,4,5,6,7,8,0
0gb.us 1,2,3,4,5,6,7,8,0
0gmd.net 1,2,3,5,6,7,8,0
0gomovies.com.vc 1,2,3,4,5,6,7,8,0
0j0.jp 1,2,3,4,5,6,7,8,0
0jl9lic.com 1,2,3,4,5,8,0
0ps.us 1,2,3,4,5,6,8,0
0rd.net 1,2,4,5,6,8,0
0rtl.de 1,2,3,4,5,6,7,8,0
0spam.org 1,4,5,6,7,8,0
0vzu.org 1,3,4,5,6,7,8
0x0.st 1,2,3,4,5,7,8,0
0x0a.de 6
0xprocessing.com 4,5,6,7,8,0
0xproject.com 1,2,3,4,5,6,7,8,0
0xzx.com 1,2,3,5,6,7,8,0
1-800-phonesex.com 1,2,3,4,5,6,7,8,0
1-fat.com 1,2,3,4,5,6,7,8,0
1-grid.com 1,2,4,5,6,7,8,0
1-news.net 1,2,3,4,5,6,7,8,0
1-notes.com 1,2,3,4,5,6,7,8,0
1-x-bet.com 1,3,4,5,6,7,8,0
1-xbet7747922.top 1,2,4,6,7,8,0
1.me 2,3,4,5,6,7,8,0
10-10-10.jp 1,2,3,4,5,6,7,8,0
10-fo.net 1,2,3,4,5,6,7,8,0
10.cn 1,2,3,4,5,6,7,0
100.ks.ua 1,2,3,4,5,6,7,8,0
1000.menu 1,2,3,4,5,6,7,8,0
100001.uno 1,2,3,4,6,7,8,0
10000birds.com 1,2,3,4,5,6,7,8,0
10000ft.com 1,2,3,4,5,6,7,8,0
10001mb.com 1,2,3,4,6,7,8,0
100024.xyz 1,2,3,4,5,6,0
1000gem.org 1,2,3,4,6,7,8,0
1000giribest.com 1,2,3,4,5,6,7,8,0
1000km.by 1,2,3,4,5,6,7,8,0
1000marcas.net 1,2,3,4,5,6,7,8,0
1000ps.at 1,3,4,5,6,7,8,0
1001-rimes.com 1,2,3,4,5,6,7,8,0
1001cupomdedescontos.com.br 1,2,3,4,5,6,7,8
1001cuponesdedescuento.com.mx 1,2,3,4,5,6,7,8,0
1001festas.com.br 1,2,3,4,6,7,8
1001fonts.com 1,2,3,4,5
1001fonts.net 2,3,4,5
1001hobbies.fr 3,5
1001ideja.si 2,4,5,6,7,8,0
1001jogos.com.br 1,2,3,4,5,6,7,8,0
1004apo.com 1,2,3,4,5,6,7,8
1004nbs.com 1,2,3,4,5,6,7,8,0
10086001.cn 1,2,3,4,5,6,7,8,0
10086zc.vip 1,2,3,4,5,7,8,0
100ballnik.com 1,2,3,4,5,6,7,8,0
100blackmen.org 1,3,5,6,7,8,0
100church.org 1,2,3,4,5,6,7,8
100free.com 1,2,3,4,5,6,7,8
100k.uz 1,2,3,4,5,6,7,8,0
100mv.com 1,2,3,4,5,6,7,8,0
100nen-kankyo.jp 1,2,3,4,5,6,7,8,0
100noticias.com.ni 1,2,3,4,5,6,7,8,0
100p.nl 2,3,4,5,6,7,8,0
100percent.co.nz 1,2,3,4,5,6,7,8,0
100percent.eu 1,2,3,4,5,6,7,0
100percentclicks.com 1,2,3,4,5,6,7,8,0
100peso.com.br 1,3,4,5,6,8,0
100renli.com 1,2,3,4,5,6,7,8,0
100shmar.net 1,2,3,4,5,7,8,0
100thieves.com 1,2,3,5,6,7,8,0
100vic.com 1,2,3,4,5,6,7,8,0
100ways.com 1,2,3,4,5,6,7,8,0
100webspace.com 1,2,3,4,5,6,7,8,0
100widgets.com 1,2,3,4,5,7,8,0
100ws.com 1,2,3,4,5,6,7,8,0
100yen-rentacar.jp 1,2,3,4,5,6,7,8,0
1010086.xyz 1,2,3,4,6,7,8,0
1011now.com 1,2,3,4,5,6,7,8
101convert.com 1,2,3,4,5,6,7,8,0
101desires.com 1,2,3,4,5,6,8,0
101domain.com 1,2,3,4,5,7,8,0
101ds.com 1,2,3,4,5,6,7,8,0
101hotels.com 1,2,3,4,5,6,7,8,0
101novel.com 1,2,3,4,5,6,7,8,0
101sexstories.com 1,2,3,4,5,6,8,0
101teengirls.com 1,2,3,4,5,6,7,8,0
101tubeporn.com 1,2,3,4,5,6,7,8,0
101xp.com 1,2,3,4,6,7,8,0
10242018.xyz 1,2,3,4,5,6,7,8,0
1024tera.com 1,2,4,5,6,7,8,0
102apps.com 2,3,4,5,6,7,8,0
102porno.club 1,2,3,4,5,7,8,0
103.kz 1,2,4,5,6,7,8,0
1035kissfmboise.com 1,2,3,4,5,6,7,8,0
1045theteam.com 1,2,3,4,5,6,7,8,0
1047games.com 1,2,3,4,5,6,7,8,0
105432.xyz 1,2,3,4,6,7,8,0
105666000.com 1,2,3,4,5,6,7,8,0
105666444.com 1,2,3,4,5,6,7,8,0
1057thehawk.com 1,2,3,5,6,7,8,0
1069-2.com 1,2,5,6,0
1069boys.net 2,4,7,0
1069boys.xyz 2,4
108read.com 1,2,3,4,5,7
109.te.ua 7,8,0
109go.jp 6,7,8
10bestreviewz.com 1
10bet.co.uk 1,2,3,4,5,6,7
10bet.com 2,7,8,0
10dddssjk.com 2,3,4,5
10ff.net 6,7,8
10g.kz 5,6,7,8,0
10gkb.by 1,2,3,4,5,6,7,8,0
10haber.net 1,2,3,4,5,6,7,8,0
10haojk.com 2,3,4,5,7,0
10keiya.com 1,2,3,4,5,6,7,0
10khits.com 1,2,3,4,6,7,8,0
10kswap.com 1,3,4,5,6,7,8,0
10minutemail.net 1,2,3,4,5,6,7,8,0
10news.com 1,2,3,4,5,6,7,8,0
10ofthose.com 1,2,3,4,5,6,7,8,0
10perc.hu 1,2,3,4,5,6,7,8,0
10short.pro 1,2,3,4,5,6,7,8,0
10star.com.my 1,2,3,4,5,6,7,8,0
10ways.com 1,2,3,4,5,6,7,8,0
10web-site.ai 1,2,3,4,5,7,8,0
10web.site 1,3,5,6,7,8,0
111-tataidc.co.in 1,2,3,4,5,6,8,0
111.ind.in 1,3,4,5,6,7,8,0
1111-internet.com 1,3,4,5,6,7,8,0
1111111.com 1,2,3,4,5,6,7,8,0
11115yur.com 1,2,3,4,5,6,7,8,0
1111edu.com.tw 1,2,3,4,5,6,7,8,0
1111job.com.tw 1,2,3,4,5,6,7,8,0
1111systems.com 1,2,6
1112.com 1,4,6,7,8
11121367.xyz 1,2,3,4,0
11155g.com 4,5,6,7,8,0
111emergency.co.nz 1,2,3,4,5,6,7,8,0
111percent.net 1,2,3,4,5,6,7,8,0
111sexcams.com 1,2,3,4,5,6,7,8,0
111tt.icu 1,2,3,4,5,6,7,8,0
112.international 1,2,4,6,7,8,0
112114.xyz 1,3,4,5,6,8,0
1122.com.uy 1,3,4,5,6,7,8,0
11229163.xyz 1,2,3,4,5,6,7,8,0
112421.net 1,2,3,4,5,6,7,8,0
112999.xyz 1,2,3,4,5,6,7,8,0
113113888.com 1,2,3,4,5,6,7,8,0
113366.com 1,2,3,4,5,6,7,8,0
114-tataidc.co.in 1,2,3,4,5,6,7,8,0
114514782.xyz 1,2,3,4,5,6,7,8,0
114514miaomiaowu.com 1,2,3,4,5,6,7,8,0
114onca.com 1,2,3,4,5,6,7,8
115.de 1,3,4,5,6,8,0
1152.com.hk 1,3,4,5,7,8,0
1156.com 1,2,6,7,8
116811.xyz 1,4,0
116foto.com 1,6
1177.se 6,0
11828.cc 1,2,4,5,6,7,8
1183333.com 1,2,3,4,5,6,7,8,0
118487.xyz 1,2,3,4,5,6,7,8,0
1188.lv 1,2,3,5,6,8,0
1188.store 1,2,3,4,5,6,7,8,0
11880.com 1,2,3,4,5,6,7,8,0
118911.xyz 1,2,4,5,6,7,8,0
118bb.xyz 1,2,4,5,6,7,8,0
118btc.com 1,2,3,4,5,6,7,8,0
118file.com 1,2,3,4,5,6,7,8,0
118ghb.com 1,2,3,4,5,6,7,8,0
118ww.xyz 1,2,3,4,5,6,7,8,0
1199nwcovidresponse.org 1,2,3,4,5,6,7,8,0
1199seiubenefits.org 1,2,3,4,5,6,7,8,0
11alive.com 1,2,3,4,6,7,0
11anim.com 1,2,3,4,5,6,7,8,0
11bit.co.in 1,2,3,4,5,6,7,8,0
11bitstudios.com 1,2,3,5,6,7,8,0
11dmh.com 1,2,3,4,5,7,8,0
11dx.net 1,2,3,4,5,6,7,8,0
11freunde.de 1,2,3,4,5,6,7,8,0
11h1.com 1,2,3,4,5,6,7,8,0
11klasov.net 2,3,4,5,6,7,8,0
11n11.com.sg 1,2,3,4,5,6,7,8,0
11nn55.com 1,2,3,4,5,6,7,8,0
11points.com 1,2,3,4,5,6,7,8,0
11sight.com 2,3,4,6,7,0
11team.com 1,2,3,4,5,6,7,8,0
11teamsports.com 1,2,3,4,5,6,7,8,0
11thadmission.org.in 1,2,3,4,5,6,7,8,0
11thfloor.com.br 1,3,4,5,6,7,8,0
11toon7.com 1,2,3,4,5,6,7,8,0
11toon8.com 1,2,3,4,5,6,7,8,0
11ty.dev 1,3,4,5,6,7,8,0
11wc.com 1,2,3,4,5,6,7,8,0
11x11.com 1,2,3,4,5,6,7,8,0
11xplay.com 1,2,3,4,5,6,7,8,0
11zon.com 2,3,5,6,7,8,0
11zonapis.com 2,3,4,5,6,7,8,0
120181311.xyz 1,2,3,4,5,6,7,8,0
120zhengxing.net 2,3,4,5,6,7,8,0
1212.mn 1,2,3,5,6,7,8,0
121219.xyz 1,2,3,4,5,6,7,8,0
121ware.com 1,2,3,4,5,6,7,8,0
1221.org.il 1,2,3,4,5,6,8,0
123-3d.nl 1,2,3,4,5,6,7,8,0
123-hd.me 1,2,3,4,5,6,7,8,0
123-movies.vc 1,2,3,4,5,6,7,8,0
123-movies.zone 1,2,3,4,5,7,8
123-rdv.com 1,2,3,4,6,7,8,0
123-reg.co.uk 1,2,3,4,5,6,7,8,0
123.fr 1,2,3,4,6,7,8,0
123.game 1,2,3,4,5,6,7,8
123.ie 1,2,3,4,5,6,7,8,0
123.net 1,3,4,5,6,7
123.net.nz 1,2,0
123.st 2
123123play.com 2,3,4,5,7,8,0
123186a.com 1,2,3,4,5,6,7,8,0
123188kk.com 1,2,3,4,5,7,8,0
1231bet.com 1,2,3,4,5,6,7,8,0
1231bet.vip 1,2,3,4,5,6,7,8
1233332.xyz 1,2,4,5,6,8,0
1233dns.com 1,2,3,4,5,6,7,0
12341234.pl 1,2,3,4,5,6,7,8,0
123445566.xyz 1,2,3,4,5,6,7,8,0
1234567890spcloud.com 1,2,3,4,5,6,7,8,0
1234gorecords.shop 1,2,3,4,5,6,7,8,0
1234picz.com 1,2,3,4,5,6,7,8,0
1235bet.com 1,2,3,5,6,7,8,0
123604.com 1,2,3,4,5,6,7,8,0
1237bet.com 1,3,4,5,6,7,8,0
1239bet.com 1,2,3,4,5,6,7,8,0
123actiongames.com 1,2,3,4,6,8,0
123any.com 2,3,4,5,6,7,8,0
123bobnews.com 1,3,4,5,6,7,8,0
123cards.com 1,2,3,4,5,6,7,8,0
123ceinc.com 1,2,3,4,5,6,7,8,0
123comprou.com.br 1,2,3,4,5,6,7,8,0
123consommables.com 1,2,3,4,5,6,7,8,0
123contactform.com 1,2,3,4,5,7,8,0
123ddl.com 1,2,3,4,5,6,7,8,0
123dentist.com 1,2,3,5,6,7,8,0
123dj.com 1,2,3,4,5,6,7,8,0
123dok.com 1,2,3,4,5,6,7,0
123doks.com 2,3,5,6,7,8,0
123doujin.com 1,2,3,4,5,7,8,0
123empregos.com.br 1,2,3,4,5,6,7,8,0
123g.us 1,2,3,4,5,6,7,8,0
123guestbook.com 1,2,3,4,5,6,7,8,0
123host.vn 1,3,4,5,6,7,8,0
123i.com.br 1,2,3,4,5,6,8,0
123images.co 1,2,3,4,5,6,7,8,0
123india.com 1,2,3,4,6,7,8,0
123inside.net 1,2,3,4,5,6,7,8,0
123inventatuweb.com 1,2,3,4,5,6,7,8
123job.vn 1,3,4,6,7,8,0
123kortspill.no 1,2,3,4,5,6,8,0
123loterias.com 1,2,3,4,5,6
123mc.com 7,8,0
123movies-now.xyz 1
123movies.com 1,2,3,4,5,6,7,8,0
123movies.link 1,2,3,4,5,7,8,0
123movies.online 1,2,3,4,5,6,7,8,0
123movies.to 2,3,4,5,6,7,8,0
123moviesfree.net 1,2,3,4,5,6,7,0
123moviesgo.me 1,2,3,4,5,6,7,8,0
123movieshd.top 2,3,4,5,6,7,8,0
123moviesite.one 1,2,3,4,5,7,8,0
123moviesme.online 1,2,3,4,5,6,7,8
123news.com.br 1,2,3,4,5,6,7,8,0
123newszone.com 1,2,3,4,5,6,7,8,0
123office.com 1,2,3,4,5,6,7,8,0
123online.co.nz 1,2,3,4,5,6,7,8,0
123pmz.com 1,2,3,4,5,6,7,8,0
123pneus.fr 1,3,4,5,6,7,8,0
123porner.net 1,2,3,4,5,6,7,8,0
123proxyx.com 2,3,4,5,6,7,8,0
123prx.com 1,2,4,5,6,7,8,0
123receitas.com.br 1,2,3,4,5,6,8,0
123rescue.com 1,2,3,4,5,6,7,8,0
123rooms.net 2,3,4,5,6,7,8,0
123securityproducts.com 1,2,3,4,5,6,7,8,0
123tapronto.com.br 1,2,3,4,5,6,7,8,0
123telugu.com 1,2,3,4,5,6,7,8,0
123test.com 1,2,3,4,5,7,8,0
123test.nl 1,2,3,4,5,7,8,0
123tokyo.xyz 1,2,3,4,5,6,7,8,0
123ultraproxy.com 1,2,3,4,6,7,8,0
123vid.net 1,2,3,6,7,8,0
123vloerkleed.nl 1,2,3,4,7,0
123wanlijiang.cn 1,5
123win79.com 2,4
123x.net 6,7,8
12580.org 1,4,7,8,0
12580zxw.com 2,3,4,5,6,7,8,0
126rt.com 1,2,3,5,6,7,8,0
127777.com 1,2,3,4,5,6,7,8,0
128100.xyz 1,2,3,4,5,6,7,8,0
128xnxx.com 1,3,4,5,6,7,8,0
12andus.com 1,2,3,4,5,6,7,8,0
12bet.com 1,2,3,4,5,6,7,8,0
12bet.net 1,2,3,4,5,6,7,8,0
12chats.com 1,2,3,4,5,6,7,8,0
12cm.com.tw 1,2,4,5,6,7,8,0
12factor.net 2,3,4,5,6,7,0
12gigs.com 1,2,3,4,5,6,7,8,0
12hbet.net 1,2,3,4,5,6,7,0
12hp.ch 1,2,3,4,5,6,7,8,0
12news.com 1,2,3,4,5,6,7,8,0
12ozprophet.com 1,2,3,4,5,7,8,0
12play15.com 1,2,3,4,5,6,7,8,0
12step.org 1,2,3,4,5,6,7,8,0
12thman.com 1,2,3,4,5,6,7,8,0
12twenty.com 1,2,3,4,5,6,7,8,0
12voltplanet.co.uk 1,2,3,4,5,7,8,0
133335.xyz 1,2,3,4,5,7,8,0
13377x.tw 1,2,4,5,6,7,8,0
1337pro.com 1,2,3,4,5,6,7,8
1337x.org 1,2,3,4,5,6,7,8,0
1337xxx.to 1,2,3,4,5,6,7,8,0
1357668.com 1,2,3,4,5,7,8,0
1357c.cc 1,2,3,4,5,6,7,8,0
1366.com 1,2,3,4,5,6,7,8,0
1376partners.com 1,2,3,4,5,6,7,8,0
137872.xyz 1,2,3,4,5,6,7,8,0
13852.cyou 1,2,3,4,5,6,7,8,0
138ss.com 1,2,4,5,6,7,8,0
139tu.com 1,3,4,5,6,7,8,0
13baba.com 1,2,3,4,5,6,7,8,0
13english.com 2,3,4,5,6,7,8,0
13network.com 1,2,3,4,5,6,7,8,0
13reasonswhy.info 1,2,3,4,5,6,7,0
13wmaz.com 1,2,3,4,5,6,7,8,0
14-tataidc.co.in 1,2,3,4,5,6,7,8,0
141-hk.com 1,2,3,4,5,6,7,8,0
1411.com.do 1,2,3,4,5,6,7,8,0
1414.kz 1,2,3,4,5,6,7,8,0
14159.xyz 2,4,5,6,7,8,0
1418now.org.uk 1,3,4,5,6,7
141hongkong.com 2,3,4,5,6,8
141jav.com 3,5,0
1420.com 1,4,6,7,8
143.cc 1,4
143porn.com 1,4
1450wlaf.com 1,2,3,4,5,6,7,8,0
1495014.com 1,2,3,4,5,6,7,8,0
14ip.net 1,2,3,4,5,6,7,8,0
14news.com.br 1,2,3,4,5,6,7,8,0
14v.de 1,2,3,4,5,6,8,0
15-candy.com 1,2,3,4,5,6,7,8,0
15.ai 1,2,3,4,5,6,7,8
150mob.com 1,2,4,5,6,7,8,0
15110166167.com 1,2,3,4,5,6,7,8,0
152media.cloud 1,2,3,4,5,6,8,0
1551.gov.ua 1,2,3,4,5,7,8,0
1551.lt 1,2,3,4,5,6,7,8,0
1557.kyiv.ua 1,2,3,4,5,6,7,8,0
1559.com 1,2,3,4,5,6,7,8,0
155api.com 1,2,3,4,5,6,7,8,0
155pic.com 1,2,3,4,5,7,8,0
156786.xyz 1,3,4,5,6,7,8,0
1580.lviv.ua 1,2,3,4,5,6,7,8,0
1588-39000.com 1,2,3,5,6,8,0
15combo.com 1,2,3,4,5,6,7
15dayforecast.net 1
