0.sb 1,2,3,4,5,6,7,0
000.pe 1,2,3,4,5,7,8
0000.cn 1,2,3,4,5,6,7,0
000a.biz 1,2,3,4,5,7,0
000space.com 1,2,3,4,5,6,7,8
000webhost.com 1,2,3,4,5,6,8,0
00117163.xyz 1,2,3,4,5,6,7,8,0
001shop.com.br 1,2,3,4,5,8
002777.xyz 1,3,4,5,6,7,8,0
005679.com 1,2,3,5,6,7,8,0
006622.xyz 1,2,3,4,5,6,7,8,0
007.com 1,2,3,4,6,7,8,0
009.am 1,2,3,4,5,6,7,8,0
00991169.xyz 1,2,3,4,5,6,7,8,0
00server.com 1,2,4,5,6,0
00web.net 1,2,3,4,8
01-xnxx.com 1,3,4,7,8,0
01.org 1,2,3,4,5,6,7,8,0
0109480.xyz 1,2,3,4,5,6,7,8,0
011.com 1,2,3,4,6,7,8,0
0115765.com 1,3,4,7,8,0
011810.com 2,3,5,6,7,0
0123401234.com 1,2,3,4,5,6,7,8,0
0123movies.lol 2,3,4,5,6,7,8,0
0123movies.to 1,2,3,4,5,6,7,8,0
01800telefono.com.mx 1,2,3,4,5,6,8,0
01digital.com.br 1,2,3,4,5,6,7,8,0
01streaming.stream 1,2,3,6,7,8,0
01x.com.br 1,2,4,5,6,7,8,0
020.net 1,2,3,4,5,6,7,8,0
020tzs.com 1,2,3,4,5,6,7,8,0
020yibao.com 1,2,3,4,5,6,7,8,0
021dental.com.br 1,2,4,5,7,8,0
021huisheng.com 1,2,3,4,6,7,8,0
023n03dny.cc 1,2,3,4,5,7,8,0
025vslo7kf.com 1,2,3,4,5,6,7,8
028jgf.com 1,2,3,4,5,6,7,0
028xml.com 1,2,4,5,6,7,0
02es.com 1,2,3,4,5,6,7,8
034motorsport.com 1,2,3,4,5,6,7,8,0
037-hd.com 1,2,3,4,5,6,8,0
0371gspf.com 1,2,3,4,6,7,8,0
0371hzqq.com 1,2,4,5,6,7,8,0
03jili.com 1,2,4,5,6,7,8,0
03july.com 1,2,3,4,5,6,8,0
03xxx.net 1,2,3,4,5,6,7,0
03zj.com 1,3,4,5,6,7,0
04.co 1,2,3,4,6,7,8,0
0451marry.com 1,3,4,5,6,8,0
04fx.net 2,3,4,6,7,8,0
04uk.com 1,2,3,4,6,7,8,0
05.co 2,3,4,5,6,7,8
0531soso.com 1,2,3,4,5,6,7,8,0
0551bjb.com 1,2,3,4,5,7,8,0
05nia.com 1,2,3,4,5,6,7,0
06.co 1,2,3,4,6,7,8,0
0755nice.com 2,3,6,7,8,0
075661.xyz 1,2,3,4,5,6,7,8,0
07770555.com 2,3,4,5,6,7,8,0
07c225f3.online 1,3,4,5,6,7,8,0
0810010.com 1,2,3,4,5,6,8,0
0889.org 1,2,3,4,5,6,8,0
0901kk.com 2,4,5,6,7,8,0
0930-69.com 1,2,3,4,5,6,8,0
09sama.com 1,2,3,4,5,6,7,8,0
09vpn.com 1,2,3,4,5,6,7,8,0
0bad.com 1,2,3,4,5,6,7,8,0
0bt0.com 1,2,3,4,6,7,8,0
0day.kiev.ua 1,3,4,5,6,7,8,0
0ffersonlinenow.com.es 1,2,3,4,5,6,7,8,0
0g.cx 1,2,4,5,6,7,8
0gb.us 1,2,3,4,7,8,0
0gmd.net 1,2,3,4,5,6,7,0
0gomovies.com.vc 1,2,3,4,5,6,7,8
0j0.jp 1,3,4,5,6,7,8,0
0jl9lic.com 1,2,4,5,6,7,8,0
0ps.us 1,2,3,4,5,6,7,0
0rd.net 1,2,4,5,6,7,8,0
0spam.org 1,2,3,4,5,6,7,8,0
0vzu.org 1,2,3,4,5,6,7,8,0
0x00sec.org 1,2,3,4,5,6,8,0
0x0a.de 1,2,3,4,5,6,7,0
0xacab.org 1,2,3,4,5,7,8,0
0xprocessing.com 1,2,3,4,5,7,8,0
0xproject.com 1,3,4,5,6,7,0
1-800-phonesex.com 1,2,3,4,6,8,0
1-fat.com 1,3,4,5,6,8
1-news.net 1,3,4,5,6,7,0
1-xbet7747922.top 1,2,3,4,5,8,0
1.me 1,2,3,4,5,6,7,8,0
10-fo.net 1,2,3,4,5,6,7,8,0
10.cn 1,3,4,5,6,7,8,0
100.ks.ua 1,2,3,4,5,6,7,8,0
10000birds.com 1,2,3,4,6,7,8,0
100024.xyz 1,2,3,4,6,7,8,0
1000marcas.net 1,3,4,5,8,0
1001-rimes.com 1,2,3,5,6,7,0
1001cupomdedescontos.com.br 1,2,4,5,6,7,8,0
1001cuponesdedescuento.com.mx 1,2,4,5,6,7,8,0
1001festas.com.br 1,2,3,4,5,7,8,0
1001fonts.com 1,2,3,4,5,6,7,8
1001ideja.si 2,3,4,5,6,7,8
1001jogos.com.br 1,2,3,4,5,6,7,8,0
1004apo.com 1,2,3,4,5,6,7,8,0
1004nbs.com 2,3,4,5,6,7,8,0
10086zc.vip 1,2,4,6,8
100ballnik.com 1,2,3,5,6,7,0
100blackmen.org 1,2,3,4,5,6,7,8,0
100church.org 1,2,3,4,5,6,7,0
100k.uz 1,3,6,7,8,0
100mv.com 1,2,4,6,7,0
100nen-kankyo.jp 1,2,3,4,5,7,8
100noticias.com.ni 1,2,4,5,6,7,8,0
100p.nl 1,2,3,4,5,6,7,8,0
100percent.co.nz 2,3,4,5,6,7,8,0
100percent.eu 2,3,6,8,0
100percentclicks.com 2,4,5,6,7,8,0
100peso.com.br 1,2,3,4,5,6,7,8,0
100shmar.net 1,2,3,5,6,7,8,0
100vic.com 1,2,3,4,5,8,0
100yen-rentacar.jp 1,2,3,5,6,7,0
1010086.xyz 1,2,4,5,6,7,0
1011now.com 1,2,3,4,5,7,0
101convert.com 1,2,3,4,5,6,7,8,0
101desires.com 1,2,3,4,5,6,7,8,0
101domain.com 1,2,3,4,5,6,7,8
101ds.com 1,2,4,5,6,7,0
101novel.com 1,2,4,5,6,7,8,0
101sexstories.com 1,2,3,4,5,6,7,8,0
101teengirls.com 1,2,3,4,5,6,7,8,0
10242018.xyz 1,2,3,4,5,7,0
1024tera.com 1,2,3,4,5,6,8,0
102apps.com 3,5,6,7,8,0
102porno.club 2,3,4,7,8,0
1047games.com 1,4,5,7
105432.xyz 1,2,3,4,5,6,7,8,0
105666000.com 1,2,3,4,5,6,7,8,0
105666444.com 1,2,3,4,5,6,8,0
1069boys.net 1,2,5,7,8
106sertaneja.com.br 1,2,3,4,5,6,7,8,0
1080design.co.nz 1,4,6,7,8,0
109.te.ua 1,4,5,6,7
109go.jp 3,4,5,6,7,0
10bestmedia.com 1,2,3,4,8,0
10bestreviewz.com 1,2,4,6,7,8,0
10dddssjk.com 1,2,4,7,8,0
10g.kz 1,3,4,5,6,8,0
10haber.net 1,4,6,7,8
10haojk.com 1,2,3,4,5,6,8
10keiya.com 1,2,3,5,7,0
10short.pro 2,3,5,6,7
10star.com.my 1,4,5,6,7,8,0
10ways.com 1,3,4
10web-site.ai 1,2,3,7,8,0
111-tataidc.co.in 1,2,3,4,5,6,8,0
111.ind.in 1,2,3,4,5,6,7,8
1111-internet.com 1,3,5,6,7,0
1111111.com 1,2,3,4,5,7,8
1111systems.com 1,2,4,7,8,0
11121367.xyz 1,2,3,4,6,7,0
11155g.com 1,3,4,5,6,7
111emergency.co.nz 1,2,4,5,6,7
111percent.net 1,3,5,6,8,0
111sexcams.com 1,3,4,6,8,0
111tt.icu 1,3,4,5,8,0
112114.xyz 1,2,4,5,6,7,0
1122.com.uy 1,2,3,4,6,7,0
11229163.xyz 1,4,5,6,7,8,0
112421.net 4,7,8
112999.xyz 1,2,3,4,5,6,7,8,0
114-tataidc.co.in 1,2,3,4,5,6,7,8,0
114514782.xyz 2,3,4,6,7,0
114514miaomiaowu.com 2,3,5,6,8,0
114onca.com 1,2,8,0
1152.com.hk 1,3,5,6,7,0
1156.com 1,3,4,5,6,0
116811.xyz 1,2,4,5,6,8,0
1177.se 2,3,5,7,0
11828.cc 2,3,5,6,7,8
1183333.com 1,2,6,7,0
118487.xyz 1,3,4,0
1188.lv 1,2,3,4,5,6,8,0
1188.store 2,3,8
118911.xyz 1,4,5,6,7,8
118bb.xyz 3,4,5,6,7,0
118btc.com 1,3,4,5,6,8
118ghb.com 1,4,0
118ww.xyz 1,2,3,4,5,6,7,8
1199nwcovidresponse.org 1,3,4,5,6,8
11alive.com 1,4,5
11bit.co.in 1,2,3,4,5,6
11dmh.com 1,2,3,5,6
11n11.com.sg 1,2,3,4,5,7
11nn55.com 1,2,3,6
11sight.com 1,3,5,8,0
11thadmission.org.in 2,3,4,5,8
11thfloor.com.br 1,2,4,5,6
11ty.dev 1,2,4,7
11x11.com 2,4,5,6
11xplay.com 3,4,5,7,0
11zonapis.com 1,2,3,4,5,6,8
120zhengxing.net 1,4,5,6,7
1212.mn 5,6,0
121219.xyz 1,2,4,5,6,7,8,0
1221.org.il 1,2,3
123-hd.me 1,2,4
123-movies.vc 5,0
123-movies.zone 1,2,4,5,6,8,0
123.game 1,2,6,7
123.net.nz 1,4,6
123.st 7,8
123123play.com 5
123186a.com 1,2,3,6,7
123188kk.com 1,5,8
1231bet.com 1,2,3,5,8
1231bet.vip 4,5,8,0
1233332.xyz 1,4,5,7,8
1233dns.com 8
12341234.pl 1,3,7,0
1235bet.com 2,8,0
123604.com 1,2,8,0
1239bet.com 1,4,6,7,0
123actiongames.com 3,7
123bobnews.com 2,3,0
123comprou.com.br 3,4,5
123consommables.com 1,3,4,7
123contactform.com 1,2,4,6
123ddl.com 3,5,6,7,8
123dok.com 1,2,5,8
123empregos.com.br 1,4,8
123g.us 7
123i.com.br 5
123india.com 4,0
123job.vn 2,4,8
123kortspill.no 3,8
123loterias.com 6
123mc.com 1,4
123movies-now.xyz 7,0
123movies.online 1,8
123moviesgo.me 2,3,5,8
123movieshd.top 4,7
123online.co.nz 6
123porner.net 3
123prx.com 1,7
