0.sb 1,2,3,4,5,6,7,8,0
000.pe 1,2,3,4,5,6,7,8,0
0000.cn 1,2,3,4,5,6,7,8,0
00005555.cc 1,2,3,4,5,6,7,8,0
000a.biz 1,2,3,4,6,7,8
000space.com 1,2,3,4,5,6,7,8,0
000webhost.com 1,3,4,5,6,7,8,0
00117163.xyz 1,2,3,4,5,6,7,8,0
001shop.com.br 1,2,3,4,5,6,7,8,0
002777.xyz 1,2,3,4,5,6,7,8,0
005679.com 1,2,3,4,5,6,7,8,0
006622.xyz 1,2,3,4,5,6,7,8,0
007.com 1,2,3,4,5,6,7,8,0
009.am 1,3,4,5,6,7,8,0
00991169.xyz 1,2,3,4,5,6,7,8,0
00server.com 1,2,4,5,6,7,8,0
00web.net 1,3,4,6,7,8,0
01-xnxx.com 1,2,3,4,5,6,7,8,0
01.org 1,2,3,4,5,6,7,8,0
0109480.xyz 1,2,3,4,5,7,8,0
011.com 1,2,3,4,5,6,7,8
0115765.com 1,3,4,5,6,7,0
011810.com 1,2,3,5,6,7,8
0123401234.com 1,2,3,4,5,6,7,8,0
0123movies.lol 1,2,3,4,5,6,7,8,0
0123movies.to 1,2,3,4,5,6,7,8,0
01800telefono.com.mx 1,2,3,4,5,6,7,8
01digital.com.br 1,2,3,4,5,6,7,8,0
01streaming.stream 1,2,3,4,5,6,7,8,0
01x.com.br 1,2,3,4,5,6,8,0
020.net 1,2,3,4,5,6,7,8,0
020tzs.com 1,2,3,4,5,6,7,8,0
020yibao.com 1,2,3,4,5,6,7,0
021dental.com.br 1,2,3,4,5,6,7,8,0
021huisheng.com 1,2,3,4,5,6,7,8,0
023n03dny.cc 1,2,3,4,6,7,8,0
025vslo7kf.com 1,2,3,4,5,6,7,8,0
028jgf.com 1,2,3,4,5,6,7,8
028xml.com 1,2,3,4,5,6,7,8,0
02es.com 1,2,4,5,6,7,8,0
03.co 1,2,3,4,5,6,7,8,0
034motorsport.com 1,3,4,5,6,7,8,0
037-hd.com 1,2,3,5,6,7,8,0
0371gspf.com 1,2,3,4,5,6,7,8,0
0371hzqq.com 1,2,3,4,5,6,7,8,0
03jili.com 1,2,3,4,5,6,7,8,0
03july.com 1,2,3,4,5,6,7,8,0
03xxx.net 1,2,3,4,5,6,7,8,0
03zj.com 2,3,4,5,6,7,8,0
04.co 1,2,3,4,5,6,7,8,0
0451marry.com 1,2,3,4,5,6,7,8,0
04fx.net 1,2,4,5,6,7,8,0
04uk.com 1,2,4,5,6,8,0
05.co 1,2,3,4,5,6,7,8,0
0531soso.com 1,2,3,4,5,6,7,8,0
0551bjb.com 1,2,3,4,5,6,8,0
05nia.com 1,2,3,4,5,6,7,8,0
06.co 1,2,3,4,5,6,7,8,0
0755nice.com 1,2,3,4,5,6,7,8,0
075661.xyz 1,2,4,5,6,7,8,0
07770555.com 1,2,3,4,5,6,7,8,0
07c225f3.online 1,2,3,4,6,7,8,0
0810010.com 1,2,3,4,5,6,7,8,0
0889.org 1,2,3,4,5,6,7,8,0
0901kk.com 1,2,3,4,5,6,7,8,0
0930-69.com 1,2,3,4,5,6,7,8,0
09sama.com 1,2,3,4,5,8,0
09vpn.com 1,2,3,4,5,6,7,8,0
0bad.com 1,2,4,5,6,7,8
0bt0.com 1,2,3,4,6,7,8
0day.kiev.ua 1,3,4,5,6,8,0
0ffersonlinenow.com.es 1,2,3,4,5,6,7,8,0
0g.cx 1,2,3,4,6,7,8,0
0gb.us 1,2,4,5,6,0
0gmd.net 1,2,3,4,5,6,7,8,0
0gomovies.com.vc 1,2,3,4,5,6,7,8,0
0j0.jp 1,2,3,4,5,6,7,8,0
0jl9lic.com 1,2,3,5,6,8,0
0ps.us 1,2,3,4,5,6,7,8
0rd.net 1,2,3,4,5,6,7,8,0
0spam.org 1,2,3,4,5,6,7,8,0
0vzu.org 1,2,3,4,5,6,7,8,0
0x00sec.org 1,2,3,4,5,7,8,0
0x0a.de 1,2,3,4,5,6,7,8,0
0xacab.org 1,3,4,6,7,8,0
0xprocessing.com 1,2,3,4,5,6,7,8
0xproject.com 1,2,3,4,5,6,7,8,0
1-800-phonesex.com 1,2,3,4,6,7,8,0
1-fat.com 1,3,4,5,7,8,0
1-news.net 1,2,3,4,5,6,7,8
1-xbet7747922.top 1,2,3,5,6,7,8,0
1.me 2,3,4,5,6,7,0
10-fo.net 1,2,3,4,5,6,7,8,0
10.cn 1,2,3,4,5,6,7,8
100.ks.ua 1,2,3,4,5,6,8,0
10000birds.com 1,2,3,5,6,7,8,0
100024.xyz 1,2,3,4,5,6,7,8,0
1000marcas.net 1,2,4,5,6,7,8,0
1001-rimes.com 1,2,3,5,6,7,8,0
1001cupomdedescontos.com.br 1,2,3,4,5,7,8,0
1001cuponesdedescuento.com.mx 1,2,4,5,6,7,8,0
1001festas.com.br 1,2,4,5,6,7,8,0
1001fonts.com 1,2,4,5,6,7,8,0
1001ideja.si 1,2,3,4,6,7,8,0
1001jogos.com.br 1,2,3,4,5,6,7,8,0
1004apo.com 1,3,4,6,8
1004nbs.com 2,4,5,6,7,8,0
10086zc.vip 1,2,4,5,6,7,8,0
100ballnik.com 2,3,4,5,7,8,0
100blackmen.org 1,2,3,4,5,6,7,8,0
100church.org 1,2,3,4,5,6,8,0
100k.uz 2,3,4,5,7,8,0
100mv.com 1,2,3,4,5,6,7,8,0
100nen-kankyo.jp 2,3,4,5,6,7,8,0
100noticias.com.ni 1,3,4,5,6,7,8,0
100p.nl 1,2,3,4,5,6,7,0
100percent.co.nz 1,3,4,6,7,8,0
100percent.eu 1,3,4,5,6,7,8,0
100percentclicks.com 1,3,5,6,7,8,0
100peso.com.br 1,2,3,4,5,6,7,8,0
100renli.com 1,2,3,7,8,0
100shmar.net 1,2,3,4,5,6,7,8,0
100vic.com 1,2,3,4,6,7,8,0
100yen-rentacar.jp 1,2,3,4,5,6,7,8
1010086.xyz 1,3,4,5,6,7,8,0
1011now.com 1,2,3,4,6,7,8,0
101convert.com 1,3,4,6,8,0
101desires.com 1,2,4,7
101domain.com 1,2,3,4,5,6,8
101ds.com 1,2,3,5,6,7,8,0
101novel.com 1,2,3,4,5,6,7,8,0
101sexstories.com 1,3,4,5,6,7,0
101teengirls.com 1,2,3,4,6,8
101tubeporn.com 1,3,4,6,7,8,0
10242018.xyz 1,3,4,6,7,8,0
1024tera.com 1,2,3,5,6,8,0
102apps.com 1,2,3,5,6,7,8,0
102porno.club 1,3,7,8
1035kissfmboise.com 1,2,3,4,5,7,8
1047games.com 1,2,3,4,5,6,8,0
105432.xyz 1,2,4,5,8
105666000.com 2,4,5,7,8,0
105666444.com 1,2,3,4,6,0
1069boys.net 1,2,5,6,0
106sertaneja.com.br 1,2,3,4,5,6,0
1080design.co.nz 1,2,3,4,5,6,7,8,0
109.te.ua 1,2,3,7,0
109go.jp 2,4,5,7,8,0
10bestmedia.com 1,2,4
10bestreviewz.com 1,2,4,6
10dddssjk.com 1,3,4,0
10g.kz 3,8
10haber.net 1,2,5,6,8
10haojk.com 5
10keiya.com 7,8
10short.pro 2,3,4,7,0
10star.com.my 1,4
10ways.com 3,4,7,0
10web.site 5,6,0
111-tataidc.co.in 1,4,6,8
111.ind.in 4,5,8,0
1111-internet.com 1,3,7,0
1111111.com 1,4,6,7
11115yur.com 1,4,5,6,0
1111systems.com 2,3,4,5,6,7,0
1112.com 2,3,4,8
11121367.xyz 1,4,6,7,0
11155g.com 2,8,0
111emergency.co.nz 2,3,8
111percent.net 3,4,5,7
111sexcams.com 1,4,5
111tt.icu 6
112114.xyz 2,4,5
1122.com.uy 2,3
112999.xyz 3,4
