0.sb 1,2,3,4,5,6,7,0
000.pe 1,2,3,4,5,6,7,8,0
0000.cn 1,2,3,4,5,6,7,8,0
001shop.com.br 1,2,3,4,5,6,7,8,0
005679.com 1,2,3,4,5,6,7,8,0
009.am 1,2,3,4,5,6,7,8,0
00server.com 1,2,3,4,5,6,7,8,0
01-xnxx.com 1,2,3,4,5,7,8,0
01.org 1,2,3,4,5,6,7,8,0
011.com 1,2,3,4,5,6,7,8,0
0115765.com 1,2,3,4,5,6,7,8,0
011810.com 3,4,5,6,7,8,0
0123401234.com 1,2,3,4,6,7,8,0
0123movies.lol 1,2,3,4,5,6,7,8,0
0123movies.to 1,2,3,4,5,6,7,8,0
01800telefono.com.mx 1,2,3,4,5,6,7,8,0
01digital.com.br 1,2,3,4,5,6,7,8,0
01streaming.stream 1,2,3,4,5,6,7,8,0
01x.com.br 1,2,3,4,5,6,7,8,0
020.net 1,2,3,4,5,6,7,8
020tzs.com 1,2,3,4,5,6,7,8,0
020yibao.com 2,3,4,5,6,7,8,0
021dental.com.br 1,2,3,4,5,6,7,8,0
021huisheng.com 1,2,3,4,5,6,7,8,0
023n03dny.cc 1,2,3,4,5,6,7,8,0
025vslo7kf.com 1,2,3,4,5,6,7,8,0
028jgf.com 1,2,3,4,6,7,8,0
028xml.com 1,2,3,4,5,6,7,8,0
02es.com 1,2,3,4,5,6,7,8,0
037-hd.com 1,2,3,4,5,6,7,8,0
0371gspf.com 2,3,4,5,6,7,8,0
0371hzqq.com 1,2,3,4,5,6,7,8,0
03jili.com 1,2,3,4,6,7,8,0
03july.com 1,2,3,4,5,6,7,8,0
03xxx.net 1,2,3,4,5,6,7,0
03zj.com 1,2,3,4,5,6,7,8,0
04.co 1,2,3,4,5,6,7,8,0
0451marry.com 1,2,3,4,5,6,7,8,0
04fx.net 1,2,3,4,5,6,7,8,0
04uk.com 1,2,4,5,6,7,8,0
05.co 1,2,3,4,5,6,7,8,0
0531soso.com 1,2,3,4,5,6,7,8,0
0551bjb.com 1,2,3,4,5,6,7,8,0
05nia.com 1,2,3,4,5,6,7,8,0
06.co 1,2,3,4,5,6,7,8,0
0755nice.com 1,2,3,4,5,6,7,8,0
075661.xyz 1,2,3,4,5,6,7,8,0
07770555.com 1,3,4,5,6,7,8,0
07c225f3.online 1,2,3,4,5,6,7,8,0
0810010.com 1,2,3,4,5,6,7,8,0
0889.org 1,2,3,4,5,6,7,8,0
0901kk.com 1,2,3,6,7,8,0
0930-69.com 1,2,3,4,5,6,7,8,0
09sama.com 1,2,3,4,5,6,7,8,0
0bt0.com 1,2,3,4,5,6,7,8,0
0day.kiev.ua 1,2,3,4,5,6,7,8,0
0ffersonlinenow.com.es 1,2,3,4,5,6,7,8,0
0g.cx 1,2,3,4,5,6,7,0
0gb.us 1,2,3,4,5,6,7,8,0
0gomovies.com.vc 1,2,3,4,5,6,7,8,0
0j0.jp 2,3,4,5,6,7,8,0
0jl9lic.com 1,2,3,4,5,6,7,8,0
0ps.us 1,2,3,4,5,6,7,8,0
0rd.net 1,2,3,5,6,7,8,0
0vzu.org 1,2,3,4,5,6,7,8,0
0x0a.de 1,2,3,4,5,6,7,8,0
0xacab.org 1,2,3,4,5,6,7,8,0
0xprocessing.com 1,2,3,4,6,7,8,0
1-800-phonesex.com 1,2,3,4,5,6,7,8,0
1-fat.com 1,2,3,4,5,6,7,8
1-news.net 1,2,3,4,5,6,7,8,0
1-xbet7747922.top 1,2,3,4,5,6,7,8,0
1.me 1,2,3,4,5,6,7,8,0
10-fo.net 1,2,3,4,5,6,7,8,0
10.cn 1,2,3,4,5,6,7,8,0
100.ks.ua 1,2,3,4,5,7,8,0
10000birds.com 1,2,3,4,5,6,7,8,0
1001-rimes.com 1,2,3,4,5,7,8,0
1001cupomdedescontos.com.br 1,2,3,4,5,6,7,8,0
1001cuponesdedescuento.com.mx 1,2,3,4,5,6,7,8,0
1001festas.com.br 1,2,3,4,5,6,0
1001ideja.si 1,2,3,4,5,6,8,0
1001jogos.com.br 1,2,3,4,5,6,7,8,0
1004apo.com 1,2,3,5,6,7,8,0
1004nbs.com 1,2,3,4,6,7,8,0
10086zc.vip 1,2,4,5,6,7,0
100ballnik.com 1,4,5,6,7,8,0
100church.org 1,2,3,4,5,6,7,8,0
100k.uz 1,2,3,4,5,6,7,8,0
100mv.com 1,2,3,4,5,6,7,0
100nen-kankyo.jp 1,2,3,4,5,6,7,8,0
100noticias.com.ni 1,2,3,4,5,6,7,8,0
100percent.co.nz 1,2,3,4,5,6,7,0
100percent.eu 1,2,3,4,5,6,7,8
100percentclicks.com 3,4,5,6,7,8,0
100peso.com.br 1,3,4,5,6
100shmar.net 1,2,3,4,5,6,8,0
100vic.com 1,2,3,4,5,6,7,8,0
100yen-rentacar.jp 1,2,3,4,5,7,8,0
101desires.com 1,2,3,4,5,6,8
101domain.com 1,2,3,4,5,6,7,8,0
101ds.com 1,2,3,4,5,6,7,8,0
101novel.com 1,2,3,4,5,6,7,8
101sexstories.com 1,3,4,6,7,8,0
101teengirls.com 1,2,3,4,5,8,0
1024tera.com 1,2,3,5,6,7,8,0
102apps.com 1,2,3,4,5,6,8
102porno.club 1,2,3,4,5,6,7,8,0
1047games.com 1,3,4,5,6,7,8,0
105666000.com 2,3,4,5,6,7,0
105666444.com 1,2,4,5,6,7,0
1069boys.net 1,2,3,4,5,6,7,8
106sertaneja.com.br 1,2,3,4,5,6,7,0
1080design.co.nz 2,3,5,6,7,8,0
109.te.ua 1,3,4,5,6,8,0
109go.jp 1,2,3,4,5,6,7,8,0
10dddssjk.com 1,2,3,4,5,6,7,8,0
10g.kz 1,2,3,7,8,0
10haber.net 1,2,3,4,6,7,8,0
10haojk.com 4,5,6,8,0
10keiya.com 1,2,3,4,6,7,8
10short.pro 1,2,3,4,5,6,8,0
10star.com.my 1,2,3,4,5,6,7,8,0
10web-site.ai 1,2,3,4,5,6,7,0
111-tataidc.co.in 1,2,3,4,5,6,8
111.ind.in 1,2,4,5,6,7,8,0
1111-internet.com 1,2,3,4,5,6,7,8,0
1111111.com 1,2,3,4,5,6,7,8,0
1111systems.com 2,3,4,5,6,7,8,0
11155g.com 1,4,5,6,7,8
111emergency.co.nz 1,2,3,4,5,7,8,0
111percent.net 1,2,3,5,6,7,8,0
111sexcams.com 1,2,3,4,5,6,7,8
111tt.icu 1,2,3,4,6,7,8,0
1122.com.uy 1,2,3,4,6,7,8,0
112421.net 1,2,4,5,8,0
112999.xyz 1,2,3,4,6,7,8,0
114-tataidc.co.in 1,2,3,4,5,7,8
114514782.xyz 1,2,3,5,6,7,8,0
114514miaomiaowu.com 1,2,3,4,5,6,8,0
114onca.com 1,2,3,5,6,7,8
1152.com.hk 2,4,5,6,7,8,0
1156.com 1,2,3,4,5,6,7,0
1177.se 1,3,4,5,6,7,8
11828.cc 1,2,3,4,5,7,8
1183333.com 1,2,4,5,6,7
1188.store 1,2,3,4,5,7
118bb.xyz 1,2,3,4,5,6,7,8
118btc.com 1,2,3,4,7,8
118ghb.com 1,2,3,4,6,8
118ww.xyz 1,2,4,8,0
1199nwcovidresponse.org 1,4,5,7,8,0
11bit.co.in 1,2,4,5,6,7
11dmh.com 1,2,3,6,7,8,0
11n11.com.sg 1,2,4,5,6,0
11nn55.com 1,2,3,4,5,8,0
11sight.com 1,2,3,4,8
11thadmission.org.in 1,5,6,7,8,0
11thfloor.com.br 1,3,4,5,7,8,0
11x11.com 1,3,4,5,7,8,0
11xplay.com 1,2,3,4,5,6,8
11zonapis.com 1,2,3,4,5,6,7,8,0
120zhengxing.net 4,7,8,0
1212.mn 1,2,3,4,6,7,0
121219.xyz 1,2,3,4,5,6,7,8
1221.org.il 1,2,3,4,5,7
123-hd.me 1,2,3,4,5,6,0
123-movies.vc 2,4,5,6,7,8,0
123-movies.zone 1,3,4,6,7
123.game 1,4,6,8,0
123.net.nz 1,2,3,4,5,6,7,8
123.st 1,2,3,4,5,6,7,0
123123play.com 2,3,4,5,6,7,8,0
123186a.com 1,2,4,5,7
123188kk.com 1,2,5,6,7,8
1231bet.com 2,5,8,0
1231bet.vip 2,3,0
1233dns.com 6,0
12341234.pl 1,2,3,4,5,7,0
123445566.xyz 1,4,5,6,0
1234567890spcloud.com 1,2,4,5,6,7,8
1235bet.com 1,3,4,6,7,8,0
123604.com 1,2,3,4,5,6,7,8,0
1239bet.com 2,3,4,5,6,7,8,0
123actiongames.com 2,3,4,7
123bobnews.com 2,3,4,5,6,8
123comprou.com.br 1,2,4,5,8
123ddl.com 4,8,0
123dok.com 1,2,3,4,6,8,0
123empregos.com.br 2,3,4,5,6,8,0
123g.us 1,2,3,4,8
123i.com.br 1,4,5,6,0
123india.com 2,3,4,7,8
123job.vn 1,3,4,5,8
123kortspill.no 3,5,7,8,0
123loterias.com 1,2,4,5,7,8,0
123mc.com 1,2,3,6,7
123movies-now.xyz 3,4,7
123movies.online 1,4,5,8,0
123moviesgo.me 3,5,6,7,8,0
123movieshd.top 2,5,6,8,0
123moviesite.one 1,3,7
123news.com.br 1,3,4,5,7
123office.com 2,4,7,8
123online.co.nz 1,2,5,6,7,8
123pmz.com 1,2,3,4,5,7,0
123porner.net 1,6,0
123prx.com 5
123receitas.com.br 1,2,4,8,0
123rooms.net 5,6
123tapronto.com.br 1,2,3,4
123telugu.com 1,4,5,6,7
123ultraproxy.com 1,6,8
123vloerkleed.nl 1,3,5,6
123win79.com 2,3,4
12580.org 4,5,6,0
12580zxw.com 1,4,6,7,0
126rt.com 1,0
128xnxx.com 2,6,7
12bet.net 5,8
12hbet.net 1,2,7
12hp.ch 7
12play15.com 4,7,8,0
12thman.com 2,3,5,6
12twenty.com 2,3,4,6
133335.xyz 1,2,4,8
13377x.tw 1,4,7,0
1337pro.com 2,5,8
1366.com 1,3,5,6,8
13852.cyou 1,4,5,0
139tu.com 5,0
13baba.com 2,7
13english.com 4
14-tataidc.co.in 1,2,4
141-hk.com 2,3,8
1411.com.do 7,8
1418now.org.uk 3,6
143porn.com 2
1495014.com 1
