0.sb 1,2,3,4,5,7,8,0
000.pe 1,2,3,4,6,7,8,0
0000.cn 1,2,3,4,5,7,8,0
00005555.cc 1,2,4,5,6,7,8
000a.biz 1,2,3,4,5,6,8,0
000space.com 1,2,3,4,5,6,7,8,0
000webhost.com 1,2,4,5,7,8,0
00117163.xyz 1,2,3,4,5,7,8,0
001shop.com.br 1,3,4,5,7,8
002777.xyz 1,2,3,4,5,6,7,8,0
005679.com 1,2,3,4,5,6,7,8,0
006622.xyz 1,2,3,4,5,6,7,8,0
007.com 1,2,3,4,5,6,7,8,0
009.am 2,3,5,7,8,0
00991169.xyz 1,2,3,4,6,7,8,0
00server.com 1,2,3,4,5,6,7,8,0
00web.net 1,2,3,4,5,6,7,8,0
01-xnxx.com 1,2,3,4,5,6,7,8,0
01.org 1,2,3,4,5,6,7,8,0
0109480.xyz 1,2,3,4,5,6,7,8,0
011.com 1,2,3,4,5,7,8,0
0115765.com 1,2,4,5,6,7,8,0
011810.com 1,2,3,4,5,6,7,8
0123401234.com 2,3,4,5,6,7,8,0
0123movies.lol 1,3,4,5,6,7,0
0123movies.to 1,2,3,4,5,6,7,8,0
01800telefono.com.mx 1,2,3,4,5,6,7,8,0
01digital.com.br 1,2,3,4,5,6,7,8,0
01streaming.stream 2,3,5,6,7,8,0
01x.com.br 1,3,4,5,6,7,0
020.net 1,2,3,4,5,6,7,8,0
020tzs.com 1,2,3,5,6,7,8,0
020yibao.com 1,2,3,5,6,7,8,0
021dental.com.br 1,2,3,4,5,6,7,8,0
021huisheng.com 1,2,3,4,5,6,7,8,0
023n03dny.cc 1,2,3,4,5,6,7,8,0
025vslo7kf.com 1,2,3,4,5,7,8,0
028jgf.com 1,2,3,4,5,6,7,8,0
028xml.com 1,3,4,5,7,8,0
02es.com 1,2,3,4,5,6,7,8,0
03.co 1,3,4,5,6,7,0
034motorsport.com 1,2,3,4,5,6,8,0
037-hd.com 1,2,3,4,5,6,7,8,0
0371gspf.com 1,2,3,4,5,7,0
0371hzqq.com 2,3,4,5,6,7,8,0
03jili.com 1,2,3,4,5,6,7,0
03july.com 2,4,5,7,8
03xxx.net 1,2,3,4,5,6,7,0
03zj.com 2,3,4,5,6,7,8,0
04.co 1,3,4,5,6,7,8,0
0451marry.com 1,2,4,5,6,7,8,0
04fx.net 1,2,3,4,7,8,0
04uk.com 1,3,5,6,7,8,0
05.co 1,2,3,4,5,6,7,8
0531soso.com 1,2,3,5,6,7,8
0551bjb.com 1,3,4,5,6,7,8,0
05nia.com 1,3,4,5,6,7,8,0
06.co 1,2,3,4,5,6,7,8,0
0755nice.com 1,2,3,4,5,7,8,0
075661.xyz 1,2,3,4,5,6,7,8
07770555.com 1,2,4,6,7,8,0
07c225f3.online 1,2,3,4,5,6,7,8,0
0810010.com 2,3,4,5,6,8
0889.org 1,2,3,4,5,6,7,8,0
0901kk.com 1,2,3,6,0
0930-69.com 1,3,4,5,6,7,8
09sama.com 1,2,4,5,6,8,0
09vpn.com 1,2,3,4,5,6,8,0
0bad.com 1,2,3,4,5,6,7,0
0bt0.com 1,2,3,4,6,7,8,0
0day.kiev.ua 2,3,4,5,6,7,8,0
0ffersonlinenow.com.es 1,2,3,4,5,7,8,0
0g.cx 1,2,3,4,5,6,7,8
0gb.us 2,3,5,6,7,0
0gmd.net 1,2,3,4,5,6,7,8,0
0gomovies.com.vc 1,2,4,5,8
0j0.jp 1,2,3,4,6,7,8,0
0jl9lic.com 1,2,3,4,6,7,8,0
0ps.us 1,2,3,4,5,6,7,0
0rd.net 1,2,3,4,5,6,7,0
0spam.org 1,2,4,5,6,8,0
0vzu.org 1,2,3,4,6,8
0x00sec.org 1,2,3,4,5,6,7,8,0
0x0a.de 2,3,4,5,6,7,8,0
0xacab.org 1,2,4,5,6,7,0
0xprocessing.com 1,2,3,5,6,7,8,0
0xproject.com 1,2,4,5,8,0
1-800-phonesex.com 3,4,6,7,8,0
1-fat.com 1,2,4,5,6,7,8,0
1-news.net 1,2,3,4,6,7,8,0
1-xbet7747922.top 2,3,4,5,6,7
1.me 1,4,7,8
10-fo.net 5,7,8
10.cn 1,2,3,4,5
100.ks.ua 4,6,7,8
10000birds.com 1,2,3,5,7,8,0
100024.xyz 3,4,5,6,8
1000marcas.net 2,4,5,7,8,0
1001-rimes.com 1,4,5,6,7,8
1001cupomdedescontos.com.br 1,2,3,5,7
1001cuponesdedescuento.com.mx 2,3,4,5,6,7
1001festas.com.br 1,2,4,5,6,0
1001fonts.com 1,3,4,5,7,8
1001ideja.si 1,3,4,5,0
1001jogos.com.br 1,2,7
1004apo.com 1,6,0
1004nbs.com 8,0
10086zc.vip 3,5,8,0
100ballnik.com 3,5,8,0
100blackmen.org 1,5,7,8
100church.org 2,4,5
100mv.com 1,4,5,6,8
100nen-kankyo.jp 3,7
100p.nl 3,4,5,8
100percent.co.nz 2,4,6
100percent.eu 2,6
100percentclicks.com 5
100peso.com.br 2
100shmar.net 1,2,0
100yen-rentacar.jp 3,5
1010086.xyz 1,4
1011now.com 7,8
