0.sb 1,2,3,4,5,6,7,8,0
000.pe 1,2,3,4,5,6,7,8,0
0000.cn 1,2,3,4,5,6,7,8,0
00005555.cc 1,2,3,4,5,6,7,0
000a.biz 1,2,3,4,5,6,7,8
000space.com 1,2,3,4,5,6,7,8,0
000webhost.com 1,2,3,4,5,6,7,8,0
00117163.xyz 1,2,3,4,5,6,7,8,0
001shop.com.br 1,2,3,4,5,6,7,8,0
002777.xyz 1,2,3,4,5,6,7,8,0
00498.com 1,2,3,4,5,6,7,8,0
005584.com 1,2,3,4,5,6,7,8,0
005679.com 1,2,3,4,5,6,7,8,0
006622.xyz 1,2,3,4,5,6,7,8,0
007.com 1,2,3,4,5,6,7,8,0
009.am 1,2,3,4,5,6,7,8,0
0098118.com 1,2,3,4,5,6,7,8,0
00991169.xyz 1,2,3,4,5,6,7,8,0
00px.net 1,2,3,4,5,6,7,8,0
00server.com 1,2,3,4,5,6,7,8,0
00web.net 1,2,3,4,5,6,7,8,0
01-xnxx.com 1,2,3,4,5,6,7,8,0
01.org 1,2,3,4,5,6,7,8,0
0101host.com 1,2,3,4,5,6,7,8,0
0109480.xyz 1,2,3,4,5,6,7,8,0
011.com 1,2,3,4,5,6,7,8,0
0115765.com 1,2,3,4,5,6,7,8,0
011810.com 1,2,3,4,5,6,7,0
0123401234.com 1,2,3,4,5,6,7,8,0
0123movies.lol 1,2,3,4,5,6,7,8,0
0123movies.to 1,2,3,4,5,6,0
01800telefono.com.mx 1,2,3,4,5,6,7,8,0
01digital.com.br 1,3,4,5,6,7,8,0
01streaming.stream 1,2,3,4,5,6,7,8,0
01x.com.br 1,2,3,4,5,6,7,8,0
01xz.net 1,2,3,4,5,6,7,8,0
020.net 1,2,3,4,5,6,7,8,0
020jinniu.com 1,2,3,4,5,6,7,8,0
020tzs.com 1,2,3,4,5,6,7,8,0
020yibao.com 1,2,3,4,5,6,7,8,0
021dental.com.br 1,2,3,4,5,6,7,8,0
021huisheng.com 1,2,3,4,5,6,7,8,0
023n03dny.cc 1,2,3,4,5,6,7,8,0
025vslo7kf.com 1,2,3,4,5,6,8,0
028jgf.com 1,2,3,4,5,6,7,8,0
028xml.com 1,2,3,4,5,6,7,8,0
02es.com 1,2,3,4,5,6,7,8,0
03.co 1,2,3,4,5,6,7,8,0
034motorsport.com 1,2,3,4,5,6,7,8,0
037-hd.com 1,2,3,4,5,6,7,8,0
0371gspf.com 1,2,3,5,6,7,8,0
0371hzqq.com 1,2,3,4,5,6,7,8,0
03jili.com 1,2,3,4,5,7,8,0
03july.com 1,2,3,4,5,6,7,8,0
03xxx.net 1,2,3,4,5,6,7,8,0
03zj.com 1,2,3,4,5,6,7,8,0
04.co 1,2,3,4,5,6,7,8,0
0451marry.com 1,2,3,4,5,6,7,8,0
04fx.net 1,2,3,4,5,6,7,8,0
04uk.com 1,2,3,4,5,6,7,8,0
05.co 1,2,3,4,5,6,7,8,0
0516lvyou.com 1,2,3,4,5,6,7,8,0
0531soso.com 1,2,3,4,5,6,7,8,0
0551bjb.com 1,2,3,4,5,6,7,8,0
056.ua 1,2,3,4,5,6,7,8,0
05nia.com 1,2,3,4,5,6,7,0
06.co 1,2,3,4,5,6,7,8,0
06ak.com 1,2,3,4,5,6,7,8,0
0755nice.com 1,2,3,4,5,6,7,8,0
075661.xyz 1,2,3,4,5,6,7,8,0
07770555.com 1,2,3,4,5,6,7,8,0
07c225f3.online 1,2,3,4,6,7,8,0
0810010.com 1,2,3,4,5,6,7,8,0
0889.org 1,2,3,4,5,6,7,8,0
08online.com 1,2,3,4,5,6,7,8,0
0901kk.com 1,2,3,4,5,6,7,8,0
0930-69.com 1,2,3,4,5,6,7,8,0
09sama.com 1,2,3,4,5,6,7,8,0
09vpn.com 1,2,3,4,5,6,7,8,0
0bad.com 1,2,3,4,5,6,7,8,0
0bin.net 1,2,3,4,5,6,7,8,0
0bt0.com 1,3,4,5,6,7,8
0day.kiev.ua 1,2,3,4,5,6,7,8,0
0fees.net 1,2,3,4,5,6,7,8,0
0ffersonlinenow.com.es 1,2,3,4,5,6,7,8,0
0g.cx 1,2,3,4,5,6,7,8,0
0gb.us 1,2,3,4,5,6,7,8,0
0gmd.net 1,2,3,4,5,6,7,8,0
0gomovies.com.vc 1,2,3,4,5,6,7,8,0
0j0.jp 1,2,3,4,5,6,7,8,0
0jl9lic.com 1,2,3,4,5,6,7,8,0
0ps.us 1,2,3,4,5,6,7,8,0
0rd.net 1,2,3,4,5,6,7,8,0
0spam.org 1,2,3,4,5,6,7,8,0
0vzu.org 1,2,3,4,5,6,7,8,0
0x0.st 1,2,3,4,5,6,7,8,0
0x00sec.org 1,2,4,5,6,7,0
0x0a.de 1,2,3,4,5,6,7,8,0
0xacab.org 1,2,3,4,6,7,8,0
0xprocessing.com 1,2,3,4,5,6,7,8,0
0xproject.com 1,2,3,4,5,6,7,8,0
1-800-phonesex.com 2,3,4,5,6,7,8,0
1-fat.com 1,2,3,4,5,6,7,8,0
1-news.net 1,2,3,4,6,7,8,0
1-xbet7747922.top 1,2,3,4,5,6,7,8,0
1.me 1,2,3,4,5,6,7,8,0
10-fo.net 1,2,3,5,6,7,8,0
10.cn 1,2,3,4,5,6,7,8,0
100.ks.ua 1,2,3,4,5,6,8,0
10000birds.com 1,2,3,4,5,6,7,8,0
10000ft.com 1,2,3,4,5,6,7,8,0
10001mb.com 1,2,3,4,5,6,7,8,0
100024.xyz 1,2,3,4,5,7,8,0
1000marcas.net 1,2,3,4,5,6,7,8,0
1001-rimes.com 2,3,4,5,6,7,8,0
1001cupomdedescontos.com.br 1,2,3,4,5,6,7,8,0
1001cuponesdedescuento.com.mx 2,3,4,5,6,7,8
1001festas.com.br 1,2,3,4,5,6,7,8,0
1001fonts.com 1,2,3,4,5,6,7,8,0
1001hobbies.fr 1,2,3,4,5,7,8,0
1001ideja.si 1,2,3,4,5,6,7,8,0
1001jogos.com.br 1,2,3,4,5,6,7,8,0
1004apo.com 1,3,4,5,6,7,8,0
1004nbs.com 1,2,3,4,5,6,7,0
10086zc.vip 1,2,3,4,5,6,7,8,0
100ballnik.com 1,2,3,5,6,7,8,0
100blackmen.org 1,2,3,4,6,8,0
100church.org 1,2,3,4,5,6,7,8
100free.com 1,2,3,4,5,6,7,8,0
100k.uz 1,2,3,4,5,6,7,8,0
100mv.com 1,2,3,4,5,6,7,8,0
100nen-kankyo.jp 1,2,3,4,5,6,7,0
100noticias.com.ni 1,2,3,4,5,6,7,8,0
100p.nl 1,3,4,6,7,8,0
100percent.co.nz 1,2,3,4,5,6,7,0
100percent.eu 1,2,3,4,5,6,8
100percentclicks.com 1,2,3,4,6,7,8,0
100peso.com.br 1,2,4,5,6,8,0
100renli.com 2,3,4,5,6,7,8,0
100shmar.net 1,2,3,4,6,7,8,0
100thieves.com 1,2,3,4,5,6,7,8,0
100vic.com 1,2,3,4,5,6,7,8,0
100yen-rentacar.jp 1,2,3,4,5,6,8,0
1010086.xyz 1,2,4,5,6,7,8
1011now.com 1,3,4,5,6,7,8,0
101convert.com 1,2,3,4,5,6,7,8,0
101desires.com 1,2,3,4,5,6,7,8,0
101domain.com 1,2,3,4,5,6,7,8,0
101ds.com 1,2,3,4,5,6,8,0
101novel.com 1,2,3,6,7,8
101sexstories.com 1,2,3,4,5,7,0
101teengirls.com 1,2,3,4,5,6,7,8,0
101tubeporn.com 1,2,3,4,5,6,7,0
10242018.xyz 1,2,3,4,5,6,7,8,0
1024tera.com 1,2,3,4,6,7,8
102apps.com 1,2,3,4,6,7,8
102porno.club 2,3,4,5,6,7,8,0
103.kz 1,2,3,4,5,6,7,0
1035kissfmboise.com 1,2,3,4,5,6,8,0
1045theteam.com 1,2,3,4,5,6,7,8,0
1047games.com 1,2,3,4,5,6,7,8,0
105432.xyz 1,2,3,4,5,6,7,8,0
105666000.com 1,2,3,4,5,6,7,8,0
105666444.com 1,4,5,6,7,8
1057thehawk.com 1,2,3,4,5,7,8,0
1069boys.net 1,3,4,6,7,8,0
106sertaneja.com.br 1,3,4,5,6,7,8,0
1080design.co.nz 1,2,3,4,5,6,7,8,0
109.te.ua 1,2,4,5,6,7,8
109go.jp 2,3,4,5,7,8,0
10bestmedia.com 1,2,3,4,5,6,7,8,0
10bestreviewz.com 2,3,4,6,7,8,0
10bet.co.uk 1,2,3,4,5,6,7,8,0
10bet.com 1,2,3,4,5,6,7,8,0
10dddssjk.com 1,2,3,4,5,6,7,8
10downloader.com 1,3,4,5,6,7,8,0
10ff.net 1,2,3,4,5,6,7,8,0
10g.kz 1,2,3,4,5,7,8,0
10haber.net 1,2,3,4,5,6,8,0
10haojk.com 2,3,5,6,7,8,0
10keiya.com 1,2,3,7,8
10minutemail.net 1,2,3,4,5,6,7,8,0
10news.com 1,2,3,4,6,7,8,0
10ofthose.com 1,2,4,5,7
10short.pro 1,2,3,4,5,6,7,8,0
10star.com.my 1,4,5,6,7,8,0
10ways.com 1,2,3,5,6,7,0
10web-site.ai 1,2,3,4,5,6,7,8,0
10web.site 1,2,4,6,7
111-tataidc.co.in 1,2,4,5,6,7,8,0
111.ind.in 1,2,3,4,5,7,0
1111-internet.com 1,2,3,4,5,7,8
1111111.com 1,2,3,4,5,7,0
11115yur.com 2,3,4,6,7
1111systems.com 1,2,3,4,5,6,7,8,0
1112.com 1,2,3,4,6,7,8,0
11121367.xyz 1,3,4,6,7,8
11155g.com 1,2,3,4,8,0
111emergency.co.nz 2,3,5,6,7,8,0
111percent.net 1,2,3,4,5,6,7,8
111sexcams.com 1,2,3,4,5,6,7,8,0
111tt.icu 1,2,3,4,6,8,0
112114.xyz 1,3,4,5,6,8,0
1122.com.uy 1,3,4,5,6,7,8
11229163.xyz 1,2,3,4,5,6,7,8
112421.net 2,3,4,5,6,8,0
112999.xyz 1,2,3,4,6,7,8,0
113113888.com 1,3,4,5,6
113366.com 1,2,3,4,6,7,0
114-tataidc.co.in 1,2,3,4,5,6,7,8
114514782.xyz 1,2,3,4,5,6,7,0
114514miaomiaowu.com 2,4,5,7,8,0
114onca.com 2,3,4,5,6,7,0
1152.com.hk 1,3,4,6,7,0
1156.com 3,4,5,6,7,8
116811.xyz 1,2,4,6,0
1177.se 2,3,4,5,7,8,0
11828.cc 1,3,4,5,7,8,0
1183333.com 2,4,6,7,8,0
118487.xyz 1,2,3,4,5,6,7,8
1188.lv 1,2,3,5,7,8,0
1188.store 2,3,5,6,7,8,0
118911.xyz 1,2,3,4,5,6,7,8,0
118bb.xyz 4,6,8,0
118btc.com 1,2,4,5,6,8,0
118ghb.com 1,2,3,4,5,8,0
118ww.xyz 1,3,4,7,8,0
1199nwcovidresponse.org 1,3,4,8,0
11alive.com 1,3,4,6,7,8,0
11bit.co.in 1,2,3,4,5,0
11bitstudios.com 1,2,4,7,0
11dmh.com 1,2,5,6,0
11dx.net 1,2,3,4,5,7
11freunde.de 1,4,5,6,7,8,0
11n11.com.sg 1,2,4,5,6,0
11nn55.com 1,6,7,0
11points.com 1,2,3,4,6,7,0
11sight.com 3,4,5,0
11thadmission.org.in 1,4,5,6,7,8
11thfloor.com.br 1,2,4,5,8,0
11ty.dev 2,4,5,6,7,8,0
11x11.com 1,2,3,4,5,8
11xplay.com 1,2,3,6,7,8
11zon.com 1,3,4,5,6,8,0
11zonapis.com 1,5,8,0
120zhengxing.net 3,5,6
1212.mn 1,2,5,6,8,0
121219.xyz 1,2,4,5,7,0
121ware.com 1,3,4,5,6,8,0
1221.org.il 1,3,4,5,0
123-hd.me 6,0
123-movies.vc 1,6,7,8,0
123-movies.zone 1,4,5,6,7
123.fr 1,2,3,4,5,6,7
123.game 3,4,6,0
123.ie 1,2,3,4,6,8
123.net 1,4,6,8,0
123.net.nz 3,4,5,8,0
123.st 6,7,0
123123play.com 4,6,7,8
123186a.com 1,2,3,4,8,0
123188kk.com 1,2,5,6,0
1231bet.com 1,6,7,8,0
1231bet.vip 3
1233332.xyz 1,2,4,5,8,0
1233dns.com 3,8
12341234.pl 1,2,3,5,0
123445566.xyz 2,3,4,5,7,8,0
1234567890spcloud.com 1,4,8
1235bet.com 3,4,6
123604.com 1,2,3,4,7,8,0
1239bet.com 1,4,5,6,7
123actiongames.com 3,4,5,7,8,0
123any.com 1,3,4,0
123bobnews.com 6,7,0
123comprou.com.br 1,3,4,5,6,8
123consommables.com 2,3,5,0
123contactform.com 3,4,5,6,8
123ddl.com 1,2,3,5,6,8
123dj.com 1,2,4,6,0
123dok.com 1,2,4,8
123empregos.com.br 4,5,6
123g.us 1,6,7,0
123guestbook.com 1,3,4,5,6,7,8
123host.vn 1,4,6,8
123i.com.br 1,3,4,5,8,0
123india.com 2,5,7,8
123inside.net 1,2,4,5,6,7
123job.vn 6,7
123kortspill.no 1,2,3,5,7
123loterias.com 1,2,3,4,5,8
123mc.com 6,0
123movies-now.xyz 2,3,6,8,0
123movies.com 1,2,4,5,7
123movies.online 1,3,4,6,7,8,0
123moviesgo.me 2,4,5,6,7
123movieshd.top 1,3,4,6,0
123moviesite.one 3,7
123news.com.br 1,3,4,5,0
123newszone.com 1,4,5,7,0
123office.com 2,3,7
123online.co.nz 1,3,7,8,0
123pmz.com 1,3,4,5,6,8
123pneus.fr 5,6,7,0
123porner.net 3,5,6,7
123proxyx.com 1,2,4,8,0
123prx.com 1,2,5,7,0
123receitas.com.br 1,4,5,0
123rescue.com 1,2,3,4
123rooms.net 1,7,0
123tapronto.com.br 1,3,4,5,6,7
123telugu.com 1,3,5,7
123tokyo.xyz 1,2,4,7
123ultraproxy.com 1,2,3,4,7,8,0
123vid.net 1,2,4,6,0
123vloerkleed.nl 3
123win79.com 2,5,6,7,8,0
123x.net 2,3,0
12580.org 1,4,6,7,0
12580zxw.com 1,3,4,5,8
126rt.com 1,4,5,6
128100.xyz 3,4,8
128xnxx.com 1,4
12andus.com 1,3,4,6,0
12bet.com 1,3,4,5,6
12bet.net 4,7,8
12gigs.com 3,4,5,6
12hbet.net 1,3,4,5
12hp.ch 1,2,4,5,7
12news.com 1,4,5,6
12ozprophet.com 2,4,5,6,7,0
12play15.com 2,7,0
12step.org 1,2,3,4,5,6,0
12thman.com 1,4,6,7,0
12twenty.com 2,3,4,6,7
12voltplanet.co.uk 1,4,5,8
133335.xyz 6
13377x.tw 1,3,4,5,7
1337pro.com 1,5,6,7
1337xxx.to 1,4,5,8
1357c.cc 1,2,3,4,6,8
1366.com 3,5,6,7,8
137872.xyz 1,2,3,4,6
13852.cyou 1,4,5,0
138ss.com 1,2,4
139tu.com 1,2,3
13baba.com 1,3,7,0
13english.com 1,7
13network.com 3,4,5,6,8,0
13reasonswhy.info 4
13wmaz.com 1,4,7
14-tataidc.co.in 1,5
141-hk.com 1,3,4,7,8
1411.com.do 7,8
14159.xyz 1,2,4,0
1418now.org.uk 7,0
141tube.com 1,3,4,5,6,7
143.cc 4
143porn.com 5,8,0
1495014.com 7
14ip.net 2,7
14news.com.br 1,2,4,8
14v.de 1,2,4,5
15-candy.com 1,0
15.ai 6,8
150mob.com 2
152media.cloud 1,3,4,6,7
1551.gov.ua 1
1557.kyiv.ua 1,2
1559.com 1,2,7,0
155api.com 7
155pic.com 6
156786.xyz 1,4,5,8
1588-39000.com 5,6
15combo.com 3,5,0
15dayforecast.net 7
15forum.com 5
15haha.com 2
15heures.com 7
16-19.fr 8
1615vip.com 3
161sex.com 4
