0.sb 1,2,3,4,5,6,7,8,0
000.pe 1,2,3,4,5,6,7,8,0
0000.cn 1,2,3,4,5,6,7,8,0
001shop.com.br 1,2,3,4,5,6,7,8,0
005679.com 1,2,3,4,5,6,7,8,0
009.am 1,2,3,4,5,6,7,8,0
00server.com 1,2,3,4,5,6,7,8,0
01-xnxx.com 1,2,3,4,5,6,7,8,0
01.org 1,2,3,4,5,6,7,8,0
011.com 1,2,3,4,5,6,7,8,0
0115765.com 1,2,3,4,5,6,7,8,0
011810.com 1,2,3,4,5,6,7,8
0123401234.com 1,2,3,4,5,6,7,0
0123movies.lol 1,2,3,4,5,6,7,8,0
0123movies.to 1,2,3,4,5,6,7,8,0
01800telefono.com.mx 1,2,3,4,5,6,7,8,0
01digital.com.br 1,2,3,4,5,6,7,8,0
01streaming.stream 2,3,4,5,6,7,8,0
01x.com.br 1,2,3,4,5,6,7,8,0
020.net 1,2,3,4,5,6,7,8,0
020tzs.com 1,2,4,5,6,7,8,0
020yibao.com 1,2,3,4,5,6,7,8
021dental.com.br 1,2,3,4,5,6,7,8,0
021huisheng.com 1,2,3,4,5,6,7,8,0
023n03dny.cc 1,2,3,4,5,6,7,8,0
025vslo7kf.com 1,2,3,4,5,6,7,8,0
028jgf.com 1,2,3,4,5,6,7,8,0
028xml.com 1,2,3,4,5,6,7,8,0
02es.com 1,2,3,4,5,6,7,8,0
037-hd.com 1,2,3,4,5,6,7,8,0
0371gspf.com 1,2,3,4,5,6,7,8,0
0371hzqq.com 1,2,3,4,5,6,7,8,0
03jili.com 1,2,3,4,5,6,7,8,0
03july.com 1,2,3,4,5,6,7,8,0
03xxx.net 1,2,3,4,5,6,7,8,0
03zj.com 1,2,3,4,5,6,7,8,0
04.co 1,2,3,4,5,6,7,8,0
0451marry.com 1,2,3,4,5,6,7,8,0
04fx.net 1,2,3,4,5,6,7,8,0
04uk.com 1,2,3,4,5,6,7,8,0
05.co 1,2,3,4,5,6,7,8,0
0531soso.com 1,2,3,4,5,6,7,8,0
0551bjb.com 1,2,3,4,5,6,7,8,0
05nia.com 1,2,3,4,5,6,7,8,0
06.co 1,2,3,4,5,6,7,8,0
0755nice.com 1,2,3,4,5,6,7,8,0
075661.xyz 1,3,4,5,6,7,8,0
07770555.com 1,2,3,4,5,6,7,0
07c225f3.online 1,2,3,4,5,6,7,8,0
0810010.com 1,2,3,4,5,6,7,8,0
0889.org 1,2,3,4,5,6,7,8,0
0901kk.com 1,2,3,4,5,6,7,8,0
0930-69.com 1,2,3,4,5,6,7,8,0
09sama.com 1,2,3,4,5,6,7,8,0
0bt0.com 1,2,3,4,5,6,7,8,0
0day.kiev.ua 1,2,3,4,5,6,7,8,0
0ffersonlinenow.com.es 1,2,3,4,5,6,7,8,0
0g.cx 1,2,3,5,6,7,8,0
0gb.us 1,2,3,4,5,6,7,8,0
0gomovies.com.vc 1,2,3,4,5,6,7,8,0
0j0.jp 1,2,3,5,6,7,8,0
0jl9lic.com 1,2,3,4,5,6,8,0
0ps.us 1,2,3,4,5,6,7,8,0
0rd.net 2,4,5,6,7,8,0
0vzu.org 1,2,3,4,5,6,7,8,0
0x0a.de 1,2,4,5,6,7,8,0
0xacab.org 1,3,4,5,6,8,0
0xprocessing.com 1,2,3,4,6,7,8,0
1-800-phonesex.com 1,2,3,4,6,7,8,0
1-fat.com 1,2,3,4,5,6,7,8,0
1-news.net 1,2,3,4,5,6,7,8,0
1-xbet7747922.top 1,2,3,4,5,6,7,8,0
1.me 1,2,3,4,5,6,7,8,0
10-fo.net 1,3,4,5,6,7,8,0
10.cn 1,3,4,5,6,7,8,0
100.ks.ua 2,3,4,6,7,8,0
10000birds.com 1,2,3,4,5,6,7,8,0
1001-rimes.com 1,2,3,4,5,6,7,8,0
1001cupomdedescontos.com.br 1,2,3,4,5,6,7,8,0
1001cuponesdedescuento.com.mx 1,2,3,4,5,6,7,8,0
1001festas.com.br 1,2,3,4,5,6,7,8,0
1001ideja.si 2,4,5,6,7,8,0
1001jogos.com.br 1,2,3,4,5,6,7,8,0
1004apo.com 1,2,3,4,7,8,0
1004nbs.com 1,2,3,4,5,6,7,8,0
10086zc.vip 1,2,3,4,5,6,7,8,0
100ballnik.com 1,2,3,4,5,6,7,8,0
100church.org 1,3,4,5,6,7,8
100k.uz 1,2,3,4,5,6,7,8,0
100mv.com 1,2,3,4,5,7,8
100nen-kankyo.jp 1,2,3,4,5,6,7,8,0
100noticias.com.ni 1,2,3,4,5,6,7,8,0
100percent.co.nz 1,2,3,4,5,6,7,8,0
100percent.eu 1,2,4,5,6,7,8,0
100percentclicks.com 1,2,3,4,5,6,7,8,0
100peso.com.br 1,2,3,4,5,7,8,0
100shmar.net 1,2,3,4,5,6,7,8,0
100vic.com 1,2,3,4,5,6,7,8,0
100yen-rentacar.jp 1,2,3,4,5,6,7,8,0
101desires.com 2,3,4,5,6,7,8,0
101domain.com 1,2,3,4,5,6,7,8,0
101ds.com 1,2,3,4,5,6,7,8
101novel.com 1,2,3,4,6,7,8,0
101sexstories.com 1,2,3,4,5,6,7,8,0
101teengirls.com 1,2,3,4,5,7,8
1024tera.com 2,3,4,5,7,8,0
102apps.com 1,2,3,5,6,7,8,0
102porno.club 1,2,3,4,5,6,7,8,0
1047games.com 1,2,3,4,5,6,7,8,0
105666000.com 1,2,3,4,5,6,7,8,0
105666444.com 1,2,3,4,5,6,7,8,0
1069boys.net 1,2,3,5,6,7,0
106sertaneja.com.br 1,2,3,4,5,6,7,8,0
1080design.co.nz 1,2,3,4,5,6,8,0
109.te.ua 1,2,3,4,5,6,0
109go.jp 1,2,3,4,5,6,8,0
10dddssjk.com 1,2,3,4,5,6,7,8,0
10g.kz 1,2,3,4,5,6,7,8,0
10haber.net 1,2,3,4,6,7,8,0
10haojk.com 1,2,3,4,5,6,7,8,0
10keiya.com 1,2,3,4,5,6,7,8,0
10short.pro 1,2,3,4,6,7,8,0
10star.com.my 1,2,3,4,5,6,7,8,0
10web-site.ai 1,2,3,4,5,6,7,8,0
111-tataidc.co.in 1,2,3,4,5,6,7,8,0
111.ind.in 1,2,4,5,6,8,0
1111-internet.com 1,2,3,4,5,6,7,8,0
1111111.com 1,2,3,4,5,6,7,8,0
1111systems.com 2,3,4,5,7,8,0
11155g.com 1,2,3,5,7,8,0
111emergency.co.nz 1,2,3,4,6,8,0
111percent.net 1,2,3,4,5,6,7,8,0
111sexcams.com 1,2,3,4,5,6,7,8,0
111tt.icu 1,2,3,4,5,6,7,8,0
1122.com.uy 1,2,3,4,5,6,8,0
112421.net 1,2,3,4,5,6,7,8,0
112999.xyz 1,2,3,4,5,6,7,8
114-tataidc.co.in 1,2,3,4,5,6,7,8,0
114514782.xyz 1,2,3,4,5,6,7,8,0
114514miaomiaowu.com 1,2,4,5,6,7,8,0
114onca.com 1,2,3,4,5,6,7,8,0
1152.com.hk 1,2,3,4,5,6,7,8,0
1156.com 1,2,3,4,5,6,7,8
1177.se 1,2,3,4,5,6,8,0
11828.cc 1,2,3,4,5,6,7,8,0
1183333.com 1,2,4,5,6,7,8,0
1188.store 1,2,3,4,5,6,0
118bb.xyz 1,2,3,4,5,6,7,8,0
118btc.com 1,2,3,4,5,6,7,8,0
118ghb.com 1,2,3,4,5,6,7,8,0
118ww.xyz 1,2,3,4,5,6,8,0
1199nwcovidresponse.org 1,2,3,4,6,7,8,0
11bit.co.in 1,2,3,4,5,6,7,0
11dmh.com 1,2,3,4,5,6,8,0
11n11.com.sg 1,2,3,4,5,6,7,8
11nn55.com 1,3,4,5,6,7,0
11sight.com 1,2,3,4,5,6,7,8,0
11thadmission.org.in 1,2,3,4,6,7,8,0
11thfloor.com.br 1,2,3,4,5,7,8,0
11x11.com 1,2,3,4,5,6,7,8,0
11xplay.com 1,2,3,5,6,7,8,0
11zonapis.com 1,2,3,5,6,7,8,0
120zhengxing.net 1,2,3,4,5,6,7,8,0
1212.mn 1,2,3,4,5,6,7,8,0
121219.xyz 1,2,3,4,5,6,7,8,0
1221.org.il 1,2,3,4,6,7,8,0
123-hd.me 1,2,3,4,5,6,7,8,0
123-movies.vc 1,2,3,4,5,6,7,8,0
123-movies.zone 1,2,3,4,5,6,7,8
123.game 1,2,3,4,5,6,8
123.net.nz 1,2,3,4,5,6,8,0
123.st 1,2,3,4,5,6,7,8,0
123123play.com 1,2,3,4,5,6,7,8
123186a.com 1,2,3,4,5,6,7,8,0
123188kk.com 1,2,3,4,5,6,7,8,0
1231bet.com 2,3,4,6,7,8,0
1231bet.vip 1,2,3,4,5,6,7,8,0
1233dns.com 1,2,3,4,5,6,7,8,0
12341234.pl 1,2,3,4,6,7,8,0
123445566.xyz 1,2,3,4,5,6,7,8,0
1234567890spcloud.com 1,2,3,4,5,6,7,8,0
1235bet.com 1,2,3,4,5,6,7,8,0
123604.com 1,2,3,4,5,6,8,0
1239bet.com 1,2,3,4,5,6,7,8,0
123actiongames.com 1,2,3,5,7,8,0
123bobnews.com 1,2,3,4,5,6,8,0
123comprou.com.br 1,2,3,4,5,6,7,8,0
123ddl.com 1,2,3,4,5,6,7,8,0
123dok.com 1,2,3,4,6,7,8,0
123empregos.com.br 1,2,3,4,5,6,7,8,0
123g.us 1,2,3,4,5,6,8,0
123i.com.br 1,2,3,4,5,6,7,8,0
123india.com 1,2,3,4,5,6,7,8,0
123job.vn 1,2,4,5,8,0
123kortspill.no 1,3,4,6,7,8,0
123loterias.com 1,2,3,4,5,6,7,8,0
123mc.com 1,2,3,4,5,7,8,0
123movies-now.xyz 1,2,3,4,5,8,0
123movies.online 1,2,4,6,7,8,0
123moviesgo.me 2,3,4,5,6,7,0
123movieshd.top 2,3,5,6,7,8,0
123moviesite.one 1,2,3,4,5,7,8,0
123news.com.br 1,3,4,5,6,7,8,0
123office.com 1,2,3,4,6,7,8,0
123online.co.nz 4,5,7,8,0
123pmz.com 1,4,5,6,8,0
123porner.net 2,4,5,6,7
123prx.com 2,3,4,5,6,8,0
123receitas.com.br 1,2,4,5,6,7,8,0
123rooms.net 1,2,3,4,6,7,8,0
123tapronto.com.br 1,2,4,5,6,7,8,0
123telugu.com 1,2,3,4,5,8
123ultraproxy.com 1,2,4,5,6,7,8
123vloerkleed.nl 2,4,6,7,8,0
123win79.com 1,2,4,5,7
12580.org 1,4,5,6,7,8
12580zxw.com 1,2,4,5,7,8,0
126rt.com 1,2,4,5,6,8,0
128xnxx.com 1,2,3,4,5,6
12bet.net 1,2,3,5,6,7,0
12hbet.net 1,2,4,5,6,7,0
12hp.ch 1,2,3,4,5,6,7,8,0
12play15.com 1,2,3,4,5,8,0
12thman.com 1,2,4,5,7,8,0
12twenty.com 1,2,3,4,5,6,7,8
133335.xyz 1,2,4,6,7,8,0
13377x.tw 1,2,4,5,6,7,8,0
1337pro.com 2,4,5,0
1357c.cc 1,5,6,7,8
1366.com 1,2,3,4,5,6,7,0
13852.cyou 1,2,3,4,7,8
139tu.com 1,3,4,5,6,7,8,0
13baba.com 1,3,4,6,7,8
13english.com 1,2,3,5,8,0
14-tataidc.co.in 1,2,3,4,5,6,0
141-hk.com 1,2,3,5,6,0
1411.com.do 1,3,4,5,6,7,0
1418now.org.uk 2,3,4,5,6,7,8,0
143.cc 1,2,3,4,5,6,7,8,0
143porn.com 1,3,4,5,0
1450wlaf.com 1,2,3,4,5,6,7
1495014.com 1,2,4,5,6,7,8,0
14ip.net 1,2,4,6,7,8
14news.com.br 1,2,3,4,5,7
14v.de 1,3,4,7,8,0
15-candy.com 1,2,3,4,6,7,8
15110166167.com 3,5,8,0
152media.cloud 2,3,5,6,0
1557.kyiv.ua 1,2,3,5,6,8,0
1559.com 1,2,4,5,6,7,8,0
155api.com 1,4,5,6,0
155pic.com 1,2,3,4,5,7,0
156786.xyz 1,2,4,5,6,8,0
1580.lviv.ua 1,3,4,5,6,7
1588-39000.com 1,2,3,5,6,7,0
15combo.com 2,5,6,7,8,0
15haha.com 1,4,5,6,7,0
15heures.com 2,3,5,6,7,0
16-19.fr 5,6,7,8,0
1615vip.com 1,2,3,5
161669.com 1,3,4,5,6,7,0
161sex.com 1,3,4,5,6,7,8
1625k.com 1,4,5,7,8
163ai.top 1,2,6,7,0
1655.com.tw 1,2,5,6,0
1680660.com 1,2,4,6,7,8
1687580.com 2,4,5,6,7,8
168livechat.com 1,2,5,0
168worker.com 2,6,8
169e.cn 1,2,4,6,7,0
16k.club 2,3,4,7,8,0
16thcircuit.org 1,2,4,6,8
16x.zp.ua 1,3,4,7,0
170203.xyz 1,3,4,5,7
170systems.com 1,3,4,6,7,8,0
1711.com 1,3,4,5,7
17123.net 1,3,4,8,0
171xs.net 1,3,4,6,8
17996cdn.net 1,2,3,4,6,0
17app.co 1,3,4,5
17buy.idv.tw 1,2,3,4,6,0
17lands.com 1,2,3,4,8,0
17mybet.com 1,4,8,0
17thshard.com 1,2,4,7,8
17zw.net 1,2,3,4,8
18-sex-video.com 1,2,3,4,5,0
180.com.uy 3,7
1800accountant.com 1,4,5,6,7,0
1800flowers.com 1,3,4,5,8
1808.cf 1,2,3,4,0
180studios.com 1,3
1819news.com 1,2,4,7,0
182-airtel.com 1,2,3,4,6,7,0
18680611.xyz 1,2,4,6,7,8,0
186networks.net 1,3,5,6,8
188asia.com 1,4,5,0
188ging.com 1,7
188league.com 1,2,4,6
188saja.com 2,6
189393.site 1,4,5,7,8
189ti.com 1,2,5,8
18avx.com 1,4,5,8,0
18comic.cc 1,2,4,5,6,8
18hanime.com 1,2,4,6,7
18jeedx.com 3,5
18p2p.com 1,2,6,8
18park.com.tw 3,4,5,8
18sexual.fun 2,0
18show-th.com 3,5,6,7
18svip.com 7
18xingtv.cc 1,2,4,0
18xxx.su 1,4,7,0
18youngtwinks.com 1,4,6
1908.nl 2,5,6,7,8,0
190cc.fr 2,6,8
191981000.xyz 4,6
192-168-100-1.id 2,6
1921681001.tel 2,3,4,5
19216811.tel 2,4,0
1927.kiev.ua 3,5,7,8,0
193644.com 1,4,5,6,0
194610.xyz 7
194ten.com 1,4,5,6
1968services.tw 1,2,4,7
1984666.xyz 3,4,6,7,8
19850120.xyz 1,3,7,8
199216net.ab.ca 8
19damoa.org 5,7,8
19kala.com 3,8
19tuma.com 5,6
1aauto.com 1,5
1and1.co.uk 3,0
1aso5.xyz 2,6,8
1b2a.net 1,3
1bet1.bet 1,2,3,7
1bigbocc.com 3,4,8,0
1bokeponline.top 3,5
1byte.com 1,2,8
1c.ai 4,8
1cdn.vn 4
1centstock.com 1,5,6
1check.in 3,5
1classtube.com 1,2,5,8
1cs.com 3,4,5
1doc.com.br 5,0
1e100.net 5
1e42t.com 2,0
1eyedeel.com 2,4
1freetube.com 7
1gps.com.br 1,3,4,8
1hf.com 4
1hosting.com.pe 5
1hwy.com 4
1ion-heart-con.net 8
