0.sb 1,2,3,5,6,8,0
000.pe 1,2,3,4,5,6,7,8,0
0000.cn 1,2,3,4,5,6,7,0
00005555.cc 1,2,3,5,6,7,8,0
000a.biz 1,2,3,4,5,6,7,8,0
000space.com 1,2,3,4,5,6,7,8,0
000webhost.com 1,2,3,4,6,7,8,0
00117163.xyz 1,2,3,4,5,6,8,0
001shop.com.br 1,2,3,4,5,6,7,8,0
002777.xyz 1,2,3,4,5,7,8,0
00498.com 1,2,3,4,5,6,7,8,0
005584.com 1,3,4,5,6,8,0
005679.com 1,2,3,4,5,6,7,8,0
006622.xyz 1,2,4,5,7,8,0
007.com 1,2,3,4,5,6,7,8,0
009.am 1,2,3,4,5,6,7,8,0
0098118.com 1,2,3,4,5,6,7,8,0
00991169.xyz 1,2,3,4,5,6,7,8,0
00px.net 1,2,3,4,5,6,7,8,0
00server.com 1,2,3,4,5,6,7,8,0
00web.net 1,2,3,4,5,6,7,8,0
01-xnxx.com 1,2,3,4,5,6,7,8,0
01.org 1,2,3,4,5,6,7,8,0
0101host.com 1,2,3,4,5,6,7,8,0
0109480.xyz 1,2,3,4,5,6,7,8,0
011.com 1,2,3,4,5,6,7,8,0
0115765.com 1,2,3,4,5,6,7,0
011810.com 1,2,3,4,5,6,7,8
0123401234.com 1,2,3,4,5,6,7,8,0
0123movies.lol 1,2,3,4,5,6,7,8,0
0123movies.to 1,2,5,7,8,0
01800telefono.com.mx 1,2,3,4,6,7,8,0
01digital.com.br 1,2,3,4,5,6,7,8,0
01streaming.stream 1,2,3,4,5,6,7,8,0
01x.com.br 1,2,3,4,5,6,7,8,0
01xz.net 1,2,3,4,5,6,7,0
020.net 1,2,4,5,6,7,8,0
020jinniu.com 1,2,3,4,5,6,7,0
020tzs.com 1,2,3,4,5,6,7,8,0
020yibao.com 1,2,3,4,5,6,7,8,0
021dental.com.br 1,2,3,4,5,6,7,8,0
021huisheng.com 1,2,3,4,5,6,7,8,0
023n03dny.cc 1,2,3,4,5,6,7,8,0
025vslo7kf.com 1,2,3,4,5,6,7,8,0
028jgf.com 1,2,3,4,5,6,7,8,0
028xml.com 1,2,3,4,5,7,0
02es.com 1,2,3,4,5,6,7,8,0
03.co 1,2,3,4,5,6,7,8,0
034motorsport.com 1,2,3,4,5,6,7,8,0
037-hd.com 1,2,3,5,6,7,8,0
0371gspf.com 1,2,3,4,5,6,7,8,0
0371hzqq.com 1,2,3,4,5,6,7,0
03jili.com 1,2,3,4,5,7,8,0
03july.com 1,2,3,4,5,6,7,8,0
03xxx.net 1,2,3,4,5,6,7,8,0
03zj.com 1,3,4,5,6,7,8,0
04.co 1,2,3,4,5,6,7,8,0
0451marry.com 1,2,3,4,5,6,7,8,0
04fx.net 1,2,3,5,6,8,0
04uk.com 1,2,3,4,5,6,7,8,0
05.co 1,2,3,4,5,6,7,8,0
0516lvyou.com 1,2,3,4,5,6,7,8,0
0531soso.com 1,2,3,4,5,6,7,8,0
0551bjb.com 2,3,4,5,6,7,8,0
056.ua 1,2,3,4,5,7,8,0
05nia.com 1,2,3,4,5,6,7,8,0
06.co 1,2,3,4,5,6,7,8,0
06ak.com 1,2,3,4,5,6,7,8,0
0755nice.com 1,2,3,4,6,7,8,0
075661.xyz 1,2,3,4,7,8,0
07770555.com 1,2,3,4,5,6,7,8,0
07c225f3.online 1,2,3,4,5,6,7,8,0
0810010.com 1,2,3,4,5,6,7,8,0
0889.org 1,3,4,5,6,7,8,0
08online.com 1,2,4,6,7,8,0
0901kk.com 1,2,3,4,5,6,7,8,0
0930-69.com 1,2,3,4,5,6,7,8,0
09sama.com 1,2,3,4,5,6,7,8
09vpn.com 1,2,3,4,5,7,8,0
0bad.com 1,2,3,4,5,6,7,8,0
0bin.net 1,2,3,4,5,6,7,8
0bt0.com 1,2,3,4,5,6,7,8,0
0day.kiev.ua 1,2,3,4,5,6,7,8,0
0fees.net 1,3,4,5,6,7,8,0
0ffersonlinenow.com.es 1,2,3,4,5,6,7,8,0
0g.cx 1,2,3,4,5,6,7,8,0
0gb.us 2,3,4,7,8,0
0gmd.net 1,2,3,5,6,7,8,0
0gomovies.com.vc 1,2,3,4,5,6,7,8,0
0j0.jp 1,2,3,4,5,6,7,8,0
0jl9lic.com 1,2,3,4,5,6,7,8,0
0ps.us 1,2,4,5,6,7,8,0
0rd.net 1,2,3,4,5,6,7,8,0
0spam.org 1,2,3,5,6,7,8,0
0vzu.org 1,2,3,4,5,6,7,8,0
0x0.st 1,2,3,4,5,6,7,8,0
0x00sec.org 1,2,3,4,5,6,7,8,0
0x0a.de 1,2,3,4,5,7,8,0
0xacab.org 1,2,3,4,5,6,7,8,0
0xprocessing.com 1,2,3,4,5,6,7,8,0
0xproject.com 1,2,4,5,6,7,8,0
1-800-phonesex.com 1,2,3,4,5,6,7,8,0
1-fat.com 1,2,3,4,5,6,0
1-news.net 1,3,4,5,6,7
1-xbet7747922.top 1,2,3,4,5,6,7,8,0
1.me 1,2,3,4,5,6,7,8,0
10-fo.net 1,4,5,6,7,8,0
10.cn 1,2,3,4,5,6,7,8,0
100.ks.ua 1,2,3,4,5,6,8,0
10000birds.com 1,2,3,4,5,6,7,8,0
10000ft.com 1,2,3,4,6,7,8,0
10001mb.com 1,2,3,4,5,6,7,8,0
100024.xyz 1,2,3,4,5,6,7,8,0
1000marcas.net 1,2,3,5,6,7,8
1001-rimes.com 2,3,4,6,7,8,0
1001cupomdedescontos.com.br 1,2,3,4,5,6,7,8,0
1001cuponesdedescuento.com.mx 1,2,4,5,6,7,8,0
1001festas.com.br 1,3,4,5,6,7,8,0
1001fonts.com 1,2,3,4,6,7,8,0
1001hobbies.fr 1,2,3,4,5,6,7,8,0
1001ideja.si 1,2,3,4,5,6,7,8,0
1001jogos.com.br 1,2,3,4,5,6,7,8,0
1004apo.com 1,2,4,5,6,7,8,0
1004nbs.com 1,3,4,5,6,7,8,0
10086zc.vip 1,2,3,4,5,6,8,0
100ballnik.com 1,2,3,4,5,6,7,8
100blackmen.org 1,2,3,4,6,7,8,0
100church.org 1,2,3,4,5,6,7,8,0
100free.com 1,2,3,4,5,6,7,8,0
100k.uz 1,2,4,5,6,7,8,0
100mv.com 1,2,3,4,5,6,7,8,0
100nen-kankyo.jp 1,2,5,6,8,0
100noticias.com.ni 1,2,3,4,5,6,7,8,0
100p.nl 1,2,3,4,5,6,7,8,0
100percent.co.nz 1,2,3,4,5,6,7,8,0
100percent.eu 2,3,4,5,6,7,8,0
100percentclicks.com 1,2,3,4,5,6,7,8,0
100peso.com.br 1,2,3,4,5,6,7,8,0
100renli.com 1,2,3,4,5,6,7,8,0
100shmar.net 2,3,4,5,6,7,8,0
100thieves.com 1,2,3,4,5,6,7,8,0
100vic.com 1,2,3,5,6,7,8,0
100yen-rentacar.jp 1,2,3,4,8,0
1010086.xyz 1,2,3,4,6,7,8,0
1011now.com 1,2,3,4,5,6,7,8,0
101convert.com 1,2,3,4,5,6,7,8,0
101desires.com 1,2,3,4,6,7,8,0
101domain.com 1,2,3,4,5,6,7,8,0
101ds.com 1,2,3,4,5,6,7,8,0
101novel.com 1,2,3,4,5,6,7,8,0
101sexstories.com 2,3,4,5,6,7,8,0
101teengirls.com 1,2,4,5,6,7,8,0
101tubeporn.com 1,2,3,4,5,6,7,8,0
10242018.xyz 1,2,3,4,5,6,8,0
1024tera.com 1,2,3,4,5,6,7,8,0
102apps.com 1,2,3,4,5,6,7,0
102porno.club 1,2,3,5,6,7,8,0
103.kz 1,2,3,4,5,6,7,8,0
1035kissfmboise.com 1,2,3,4,5,6,8,0
1045theteam.com 1,2,3,4,5,6,7,8,0
1047games.com 1,2,3,4,6,7,8,0
105432.xyz 1,2,3,4,5,6,7,8,0
105666000.com 1,2,4,5,6,7,8,0
105666444.com 1,2,3,4,5,6,7,0
1057thehawk.com 1,2,3,4,5,6,7
1069boys.net 1,2,3,4,5,6,7,8
106sertaneja.com.br 1,2,3,4,5,7,8,0
1080design.co.nz 1,2,3,4,5,6,7,8,0
109.te.ua 1,2,3,4,5,6,7,8,0
109go.jp 1,2,3,4,5,6,7,8,0
10bestmedia.com 1,2,3,4,5,6,7,8,0
10bestreviewz.com 1,2,3,4,5,7,8,0
10bet.co.uk 1,2,3,4,5,6,7
10bet.com 1,2,3,4,5,6,8,0
10dddssjk.com 1,2,3,5,6,8,0
10downloader.com 1,2,3,4,5,6,7,8
10ff.net 1,2,3,4,5,6,7,8,0
10g.kz 1,2,3,4,5,6,8
10haber.net 1,2,3,4,5,6,7,8,0
10haojk.com 1,2,3,4,5,6,7,0
10keiya.com 1,2,3,4,5,6,7,8,0
10minutemail.net 1,2,3,4,5,6,7,8,0
10news.com 1,2,4,5,7,8,0
10ofthose.com 1,3,4,6,8,0
10short.pro 1,2,3,4,5,6,8,0
10star.com.my 1,2,4,5,6,7,0
10ways.com 1,2,3,4,5,6,7,8
10web-site.ai 1,2,3,4,5,6,7,8,0
10web.site 1,3,4,5,6,7,8,0
111-tataidc.co.in 1,2,4,5,6,7,8,0
111.ind.in 1,2,3,4,5,6,7,0
1111-internet.com 2,5,6,7,8,0
1111111.com 1,2,3,4,6,7,0
11115yur.com 1,2,3,6,8,0
1111systems.com 1,3,4,6,7,8
1112.com 1,2,3,4,6
11121367.xyz 1,2,3,4,5,6,7,8,0
11155g.com 2,3,4,5,6,7,8,0
111emergency.co.nz 2,6,7,8,0
111percent.net 1,2,3,4,5,6,7,0
111sexcams.com 2,3,5,0
111tt.icu 1,2,4,6,7,8
112114.xyz 1,4,5,6,7,8,0
1122.com.uy 1,2,3,4,5,6,7,8,0
11229163.xyz 1,2,4,5,7,8,0
112421.net 1,2,3,4,5,6,7,8,0
112999.xyz 1,2,3,4,5,6,7,8,0
113113888.com 1,2,3,4,5,6,8,0
113366.com 1,2,3,4,5,6,7
114-tataidc.co.in 1,2,3,4,5,6,7,8,0
114514782.xyz 2,4,6,7,8,0
114514miaomiaowu.com 1,5,7,0
114onca.com 1,2,3,4,6,8,0
1152.com.hk 3,4,5,7,0
1156.com 2,4,6,7,8,0
116811.xyz 1,3,4,5,6,8
1177.se 1,5,6,7,8
11828.cc 5,6,7,8,0
1183333.com 1,3,4,7
118487.xyz 1,2,3,4,5,8,0
1188.lv 1,2,4,6,7
1188.store 1,2,3,4,6,7,8
118911.xyz 1,3,4,5,6,7,8,0
118bb.xyz 2,3,4,5,6,7
118btc.com 1,3,4,6,7,8,0
118ghb.com 2,3,4,5,6,8
118ww.xyz 1,3,4,7,0
1199nwcovidresponse.org 2,3,4,6,8,0
11alive.com 1,3,4,5,7,0
11bit.co.in 1,2,3,4,5,6,8,0
11bitstudios.com 1,2,3,4,5,6,7,8
11dmh.com 1,4,5,6,8,0
11dx.net 1,4,6,0
11freunde.de 1,4,5,6,8
11n11.com.sg 1,4,5,6,7
11nn55.com 1,2,5,7,8
11points.com 1,3,4,5,6,7,8
11sight.com 1,2,3,4,5,6
11thadmission.org.in 1,2,3,5,0
11thfloor.com.br 1,4,5,0
11ty.dev 1,3,4,6,8,0
11x11.com 1,3,4,5,0
11xplay.com 4,6,7,8,0
11zon.com 1,3,4,6,7,0
11zonapis.com 1,2,3,6
120zhengxing.net 2,4,5,6
1212.mn 1,2,3,6,7
121219.xyz 1,2,3,4,6,8,0
121ware.com 1,2,4,5,6,7,0
1221.org.il 1,2,3,4,5,7
123-hd.me 1,3,4,5,6,8
123-movies.vc 3,5,7,0
123-movies.zone 2,4,5,6,8
123.fr 1,2,3,4,7,8
123.game 1,2,4,5,6
123.ie 1,4,5,6,8,0
123.net 1,2,3,4,5,8
123.net.nz 1,4,0
123.st 1,2,3,8,0
123123play.com 2,3,4,5,8,0
123186a.com 1,2,4,5,6,0
123188kk.com 1,2,4,6,7
1231bet.com 1,2,3,4,6,8
1231bet.vip 2,3,4,7,0
1233332.xyz 1,3,4,5,6,7,8
1233dns.com 2,3,4,6,8,0
12341234.pl 2,5,7,0
123445566.xyz 2,3,5,6,7,0
1234567890spcloud.com 1,2,3,4,5,6,7,8
1235bet.com 2,3,5,7
123604.com 1,2,3,4,6,7,8
1239bet.com 1,2,4,5,8
123actiongames.com 1,2,3,8
123any.com 1,2,4,5,6,0
123bobnews.com 2,3,5,6,8,0
123comprou.com.br 1,2,4,5,6,0
123consommables.com 1,3,8,0
123contactform.com 1,2,3,5,0
123ddl.com 2,3,5,7
123dj.com 1,5,7,0
123dok.com 2,4,6,8,0
123empregos.com.br 1,2,3,4,5,7,8,0
123g.us 1,2,3,6,7
123guestbook.com 1,3,4,7,8,0
123host.vn 1,4,6,7,0
123i.com.br 1,2,3,4,5,6,7
123india.com 1,2,4,8,0
123inside.net 1,2,3,4,5,6,8,0
123job.vn 2,3,4,6,8
123kortspill.no 1,2,6
123loterias.com 1,3,4,5,7
123mc.com 1,2,3,4,6,8
123movies-now.xyz 1,4,7,8,0
123movies.com 1,2,3,4,5,7,0
123movies.online 1,2,4,5,6,0
123moviesgo.me 4,7,8
123movieshd.top 2
123moviesite.one 4,5,7,0
123news.com.br 1,3,4,5,7,8,0
123newszone.com 1,2,4,6,7,8
123office.com 7,0
123online.co.nz 1,5,7,8,0
123pmz.com 3,4,5,7
123pneus.fr 3,5,6
123porner.net 3,5,8
123proxyx.com 1,3,4,5
123prx.com 2,5,7,8,0
123receitas.com.br 1,4,5,7,0
123rescue.com 1,2,4,6,7,8
123rooms.net 1,2,3,5,7,0
123tapronto.com.br 1,2,4,5,6,7,0
123telugu.com 1,2,4,5,8
123tokyo.xyz 1,2,4,5,6,8,0
123ultraproxy.com 1,2,7,8,0
123vid.net 1,2,4,6,7
123vloerkleed.nl 2,3,5
123win79.com 2,3,0
123x.net 1,2,3,4,7
12580.org 1,4,0
12580zxw.com 1,3,4,5
126rt.com 2,3,4,6
128100.xyz 1,2,3,4,5,6,7,8
128xnxx.com 1,3,4,5,8,0
12andus.com 1,4,8,0
12bet.com 1,3,4,5,6,8,0
12bet.net 1,2,6,7,8,0
12gigs.com 1,2,3,4,6,8,0
12hbet.net 2,3
12hp.ch 1,2,4,6,7,8,0
12news.com 1,4,6,0
12ozprophet.com 1,4,6,7
12play15.com 1,4,5,6,7
12step.org 1,3,4,0
12thman.com 1,3,7,0
12twenty.com 1,6
12voltplanet.co.uk 1,2,4,5,8,0
133335.xyz 1,2,4,7,8
13377x.tw 1,3,4,5,6,7,8,0
1337pro.com 2,3,5,6,7,8
1337xxx.to 1,3,4,5,0
1357c.cc 1,3,4,8,0
1366.com 2,3,5,6,7,8,0
137872.xyz 1,2,3,4
13852.cyou 1,2,4,6,0
138ss.com 1,2,3,4,8,0
139tu.com 1,4,7,8
13baba.com 3,4,5,6,7,8,0
13english.com 6
13network.com 3,4,5,6,0
13reasonswhy.info 1,4,5,6,7,8
13wmaz.com 1,2,4,5,8
14-tataidc.co.in 1,4,5,6,8
141-hk.com 1,2,3,4,6,7,8,0
1411.com.do 1,4,6,7,8,0
14159.xyz 1,3,4,6,7,8
1418now.org.uk 1,2,0
141tube.com 1,3,4,5,6,0
143.cc 1,4,5,6,8,0
143porn.com 1,2,4,5,6,7
1450wlaf.com 1,4,6,0
1495014.com 3,4,5,6
14ip.net 1,2,3,6,8,0
14news.com.br 1,2,3,4,5,7,8,0
14v.de 1,2,4,5,7,8
15-candy.com 4,5,6,7
15.ai 1,5,8,0
150mob.com 2,3,5,6,7,0
15110166167.com 1,3,8
152media.cloud 3,4,7,8,0
1551.gov.ua 1,2,4,5,6,0
1557.kyiv.ua 2,3,4,7,0
1559.com 3,4,7,0
155api.com 1,2,3,4,7
155pic.com 2,4,0
156786.xyz 1,4,8,0
1580.lviv.ua 1,2,4,5,7,8
1588-39000.com 1,3,5,7,8
15combo.com 1,2,3,0
15dayforecast.net 1,2,3,5,6,7,8
15forum.com 1,4,6,7,8,0
15haha.com 1,3,4
15heures.com 1,3,4,6,7
16-19.fr 2,3,6,7,8
1615vip.com 7,8,0
161669.com 1,4,6,7
161sex.com 1,4,5,7,8,0
1625k.com 1,3,4,0
163ai.top 1,3,8
1655.com.tw 1,3,7,8
167bt.com 1,3,4,5,6,7,8,0
1680660.com 1,2,4,5,6,7
1687580.com 1,4,7,8,0
168abc.net 1,3,4,0
168livechat.com 2,3,4,5
168money.com.tw 1,2,3,4,6,7,0
168worker.com 2,3,4,7,0
169e.cn 1,3,4,5,6,7,8
16clouds.com 1,2,4,5,7,8
16k.club 1,4,8,0
16mb.com 4,7
16thcircuit.org 3,5,6,0
16x.zp.ua 2,5,6,7,8
17-minute-languages.net 1,4,7,8,0
170203.xyz 1,4,0
170systems.com 3,6,8
1711.com 2,3,4,5,7,8,0
17123.net 1,2,3,4,6,8
171gifs.com 1,2,5,8
171xs.net 1,4,5
1729.com 1,4,7,8
1755.com 1,2,5,7,0
17996api.com 3,4,6
17996cdn.net 2,3,5,6,7,8
17app.co 1,2,4,5,6,7,8
17buy.idv.tw 3,4,5,7,8,0
17goforward.com 1,4,5,6
17lands.com 1,4,6,7
17mybet.com 1,4,8
17te.com 1,2,3,4,7
17thavenuedesigns.com 1,2,3,4
17thshard.com 2,3,4,5,6,8,0
17zw.net 3,5,6,0
18-sex-video.com 2,4,5,6
180.com.uy 1,3,4,5,6,8,0
1800accountant.com 3,7
1800baskets.com 2,3
1800flowers.com 1,3,4,7,8
1800wheelchair.com 1,3,4,7
1808.cf 1,3,4,5,7,8
180degreehealth.com 1,3,4,7,8
180studios.com 1,2,3,4,8,0
1819news.com 2,3,4,5,7,8,0
182-airtel.com 1,4,5,6,8
1822direkt-banking.de 1,4,0
18680611.xyz 2,3,4,8
186networks.net 4,8
1883magazine.com 1,2,5,6,7
188asia.com 3,4,6,0
188ging.com 5,8,0
188league.com 1,2,8
188saja.com 3,5,7,8
189393.site 1,4,7,0
1894978.xyz 1,2,3,4,5,0
189ti.com 1,3,5,0
18avx.com 2,3,4,5,7
18bet.com 1,2,4,7
18comic.cc 1,5,6
18doors.org 3,4
18doujin.com 3,4,5,6,7
18f.gov 1,3,4,5,6,8
18flesh.com 1,2,4,7
18hall.com 1,3,5,6
18hanime.com 1,2,3,4,7
18hotporn.click 4,5,7,0
18insta.com 3,4,8
18jeedx.com 1,4,0
18p2p.com 2,4,6,0
18park.com.tw 3,7,0
18sexual.fun 1,4,6,0
18show-th.com 2,5,7,8
18svip.com 1,4
18xingtv.cc 2,3,7
18xxx.su 2,7,0
18youngtwinks.com 1,4,6
19002000.xyz 1,8
1908.nl 5,8
1911addicts.com 1,7,8
191898.xyz 1,4
191981000.xyz 4
192-168-100-1.id 8,0
19216811.tel 1,4,6,7
1927.kiev.ua 7,0
1928.com 7
193644.com 3,4
194964.com 1
194ten.com 3,7
1968services.tw 6
19850120.xyz 7
199216net.ab.ca 5,8
19991314.xyz 7,8
19damoa.org 2
19tuma.com 4
