0.sb 1,2,3,4,5,6,7,8,0
000.pe 1,2,3,4,5,6,7,8,0
0000.cn 1,2,3,5,6,7,8,0
001shop.com.br 1,2,3,4,5,6,7,8,0
005679.com 1,2,3,4,5,6,7,8,0
009.am 1,2,3,4,5,7,0
00server.com 1,2,3,4,5,6,7,8,0
01-xnxx.com 1,2,3,4,5,6,7,8,0
01.org 1,2,3,4,5,6,7,8,0
011.com 1,2,3,4,5,6,7,8,0
0115765.com 1,2,3,4,5,7,8,0
011810.com 1,2,3,4,5,6,7,8,0
0123401234.com 1,2,3,4,5,6,7,8,0
0123movies.lol 1,2,3,4,5,6,7,8,0
0123movies.to 1,2,3,5,6,7,8,0
01800telefono.com.mx 1,2,3,4,5,6,7,8,0
01digital.com.br 1,2,3,4,5,6,7,8,0
01streaming.stream 1,2,3,4,5,6,7,8,0
01x.com.br 1,2,3,4,5,6,7,8,0
020.net 1,3,4,5,6,7,8,0
020tzs.com 1,2,3,4,5,6,7,8,0
020yibao.com 1,2,3,4,5,6,7,8,0
021dental.com.br 1,2,3,4,5,6,7,8,0
021huisheng.com 1,2,3,4,5,6,7,8,0
023n03dny.cc 1,2,3,4,5,6,7,8,0
025vslo7kf.com 1,2,3,4,5,6,7,8,0
028jgf.com 1,2,3,4,5,6,7,8,0
028xml.com 1,2,3,4,5,6,7,8,0
02es.com 1,2,3,4,5,6,7,8,0
037-hd.com 1,2,3,4,5,6,7,8,0
0371gspf.com 1,2,3,4,5,6,7,8,0
0371hzqq.com 1,2,3,4,5,6,7,8,0
03jili.com 1,2,3,4,5,6,7,8,0
03july.com 1,2,3,4,5,7,8,0
03xxx.net 1,2,3,4,5,6,7,8,0
03zj.com 1,2,3,4,5,6,7,8,0
04.co 1,2,3,4,5,6,7,8,0
0451marry.com 1,2,3,4,5,6,7,8,0
04fx.net 1,2,3,4,5,6,7,8,0
04uk.com 1,2,3,4,5,6,7,8,0
05.co 1,2,3,4,5,6,7,8,0
0531soso.com 1,2,3,4,5,6,7,8,0
0551bjb.com 1,2,3,4,5,6,7,8,0
05nia.com 1,2,3,4,5,6,7,8,0
06.co 1,2,3,4,5,6,7,8,0
0755nice.com 1,2,3,5,6,7,8,0
075661.xyz 1,2,3,4,5,6,7,8,0
07770555.com 1,2,3,4,5,6,7,8,0
07c225f3.online 1,2,3,4,5,6,7,8,0
0810010.com 1,2,3,4,5,6,7,8,0
0889.org 1,2,3,4,5,6,7,8,0
0901kk.com 1,2,3,4,5,6,7,8,0
0930-69.com 1,2,3,4,5,6,8,0
09sama.com 1,2,3,4,5,6,7,8,0
0bt0.com 1,2,3,4,5,6,7,8,0
0day.kiev.ua 1,2,3,4,5,6,7,8,0
0ffersonlinenow.com.es 1,2,3,4,5,6,7,8,0
0g.cx 1,2,3,4,6,7,8,0
0gb.us 1,2,3,4,5,6,7,8,0
0gomovies.com.vc 1,3,4,5,6,8,0
0j0.jp 2,3,4,5,6,7,8,0
0jl9lic.com 1,2,3,4,5,6,7,8,0
0ps.us 1,2,3,4,5,6,7,8,0
0rd.net 1,2,3,4,5,6,7,8,0
0vzu.org 1,2,3,4,5,6,7,8,0
0x0a.de 1,2,3,4,5,7,8,0
0xacab.org 1,2,3,4,5,6,7,8,0
0xprocessing.com 1,2,3,4,5,6,7,8,0
1-800-phonesex.com 1,2,3,4,5,6,7,8,0
1-fat.com 1,2,3,4,5,6,7,8,0
1-news.net 1,2,4,5,6,7,8,0
1-xbet7747922.top 1,2,3,4,5,6,7,8,0
1.me 2,3,4,5,6,7,8,0
10-fo.net 1,2,3,5,6,7,8,0
10.cn 1,3,4,5,6,0
100.ks.ua 1,2,3,4,5,6,7,8,0
10000birds.com 1,3,4,5,6,7,8,0
1001-rimes.com 1,2,3,5,7,8,0
1001cupomdedescontos.com.br 1,2,3,4,5,6,7,8
1001cuponesdedescuento.com.mx 1,2,3,4,5,6,7,8,0
1001festas.com.br 1,2,3,4,5,7,8,0
1001ideja.si 1,2,3,4,5,6,7,8,0
1001jogos.com.br 1,2,3,4,5,6,7,8,0
1004apo.com 1,2,3,4,5,6,7,8,0
1004nbs.com 1,2,3,4,5,6,7,0
10086zc.vip 1,2,3,4,5,6,7,8,0
100ballnik.com 1,2,3,4,5,6,7,8,0
100church.org 1,2,3,4,5,6,7,0
100k.uz 1,3,5,6,7,8,0
100mv.com 1,2,4,5,6,7,8,0
100nen-kankyo.jp 1,2,3,4,5,6,7,0
100noticias.com.ni 1,2,3,4,5,6,7,8,0
100percent.co.nz 1,3,4,5,6,7,8,0
100percent.eu 1,2,3,4,5,6,7,0
100percentclicks.com 1,3,4,5,6,7,8,0
100peso.com.br 1,2,3,4,5,6,7,8,0
100shmar.net 1,2,4,5,6,7,8,0
100vic.com 1,2,3,4,5,6,7,8
100yen-rentacar.jp 1,2,3,4,5,6,7,8
101desires.com 1,3,4,5,6,7,8,0
101domain.com 1,2,4,5,6,7,8,0
101ds.com 1,2,3,4,5,6,7,8,0
101novel.com 1,2,3,4,5,7,8,0
101sexstories.com 1,2,3,5,6,8,0
101teengirls.com 1,2,3,4,5,6,7,8
1024tera.com 1,2,3,4,5,7,8,0
102apps.com 1,2,3,4,5,6,7,8,0
102porno.club 1,2,3,4,5,6,7,8,0
1047games.com 1,2,3,4,5,6,8,0
105666000.com 1,2,3,4,5,6,7,8,0
105666444.com 1,2,3,4,5,6,7,8,0
1069boys.net 1,2,4,6,7,8,0
106sertaneja.com.br 1,2,3,4,5,6,8,0
1080design.co.nz 1,2,3,4,5,6,7,8,0
109.te.ua 1,2,3,4,5,6,7,8
109go.jp 1,2,3,4,5,6,7,8,0
10dddssjk.com 1,2,3,5,7,8,0
10g.kz 1,2,3,4,5,6,7,8,0
10haber.net 1,2,4,5,6,7,8
10haojk.com 1,2,3,4,5,7,8,0
10keiya.com 1,2,3,4,5,6,8,0
10short.pro 1,2,3,4,5,6,7,0
10star.com.my 1,3,4,5,7,8,0
10web-site.ai 1,2,4,6,7,8,0
111-tataidc.co.in 1,2,3,4,5,6,7,8,0
111.ind.in 1,2,3,4,5,6,7,0
1111-internet.com 1,3,4,5,6,8,0
1111111.com 2,3,4,5,6,7,8
1111systems.com 2,3,4,5,6,7,8,0
11155g.com 1,2,3,4,5,6,7,8,0
111emergency.co.nz 1,2,3,4,5,6,7,0
111percent.net 1,2,3,4,5,6,7,8,0
111sexcams.com 1,2,3,4,5,6,7,8,0
111tt.icu 1,2,3,4,6,7,8,0
1122.com.uy 1,2,3,4,5,6,7,0
112421.net 1,2,3,4,5,6,7,8,0
112999.xyz 1,2,3,4,5,6,7,8,0
114-tataidc.co.in 1,2,3,4,5,6,7,8,0
114514782.xyz 2,3,4,6,7,8
114514miaomiaowu.com 1,2,3,4,5,6,7,8,0
114onca.com 1,3,4,5,6,7,8,0
1152.com.hk 1,2,4,5,6,7,8,0
1156.com 1,2,3,4,5,6,0
1177.se 1,3,4,6,8
11828.cc 1,3,4,5,6,0
1183333.com 1,2,4,5,6,7,0
1188.store 2,3,4,5,6,8,0
118bb.xyz 1,2,3,4,5,6,7,8,0
118btc.com 1,2,3,4,5,6,7,8,0
118ghb.com 1,2,3,4,5,6,0
118ww.xyz 1,2,3,4,5,7,8,0
1199nwcovidresponse.org 1,2,3,4,5,6,7,8,0
11bit.co.in 1,2,3,4,5,6,7,0
11dmh.com 2,3,6,7,8,0
11n11.com.sg 1,2,3,4,5,7,8,0
11nn55.com 1,2,3,5,6,7,8,0
11sight.com 1,3,4,5,0
11thadmission.org.in 1,2,3,4,5,6,7
11thfloor.com.br 1,2,3,4,5,6,8,0
11x11.com 1,2,3,4,5,6,0
11xplay.com 1,2,4,5,6,7,8,0
11zonapis.com 1,2,3,4,5,7,8,0
120zhengxing.net 1,2,3,5,6,7,8,0
1212.mn 1,2,4,6,7,8
121219.xyz 1,2,3,4,5,7,8,0
1221.org.il 1,2,3,4,5,6,7,0
123-hd.me 1,2,3,4,5,6,7,8,0
123-movies.vc 1,2,3,4,5,6,7,8,0
123-movies.zone 1,2,3,4,5,6,7,8
123.game 1,2,3,4,5,6,7,8,0
123.net.nz 1,2,3,4,5,6,7,8,0
123.st 1,2,4,5,6,7,0
123123play.com 1,2,3,4,5,6,7,8
123186a.com 1,2,3,4,5,6,8,0
123188kk.com 2,3,4,5,6,7,0
1231bet.com 1,3,5,6,7,8,0
1231bet.vip 1,2,3,4,5,6,7
1233dns.com 1,4,6,8,0
12341234.pl 1,2,3,4,5,0
123445566.xyz 1,2,3,4,5,7,0
1234567890spcloud.com 1,2,3,4,5,7,8
1235bet.com 1,3,4,6,7,8,0
123604.com 1,2,4,5,6,7,8,0
1239bet.com 1,2,3,4,6,7,0
123actiongames.com 1,2,3,5,6,8
123bobnews.com 1,2,4,5,6,7,8,0
123comprou.com.br 1,2,3,4,5,7,8,0
123ddl.com 1,2,3,4,6,7,8,0
123dok.com 1,2,3,4,6,7,8,0
123empregos.com.br 1,4,5,8,0
123g.us 1,3,4,5,7,8,0
123i.com.br 1,2,4,5,6,7,8,0
123india.com 1,2,3,4,5,0
123job.vn 1,3,4,6,7,8,0
123kortspill.no 2,3,4,5,6,7,8,0
123loterias.com 1,2,4,6,7,8,0
123mc.com 1,2,3,4,5,6,7,8,0
123movies-now.xyz 2,3,5,7,8
123movies.online 1,3,4,5,7,0
123moviesgo.me 1,2,4,5,6,7,8,0
123movieshd.top 1,4,5,6,7,8,0
123moviesite.one 1,3,5,6,8
123news.com.br 1,2,3,4,5
123office.com 1,2,3,4,6,7,8,0
123online.co.nz 1,3,5,7,8,0
123pmz.com 3,8
123porner.net 1,2,4,5,7,8
123prx.com 1,4,5,6,8
123receitas.com.br 1,2,3,4,5,8,0
123rooms.net 1,2,3,4,5,6,7,0
123tapronto.com.br 1,2,4,5,7,8,0
123telugu.com 1,4,5,7,8,0
123ultraproxy.com 1,2,3,4,5
123vloerkleed.nl 1,2,3,4,6,7,8
123win79.com 1,2,3,4,6
12580.org 1,2,3,4,5,6,7,8,0
12580zxw.com 1,2,3,4,5,7,8,0
126rt.com 2,3,4,5,6,7,8,0
128xnxx.com 1,2,3,4,7,8,0
12bet.net 2,3,4,8
12hbet.net 1,3,4,5,6,7,8
12hp.ch 2,3,4,6,8,0
12play15.com 1,2,3,4,6,7,8,0
12thman.com 1,3,4,6,7,8,0
12twenty.com 1,2,4,5,7,8
133335.xyz 1,3,4,5,6,7,8
13377x.tw 1,2,3,4,5,7
1337pro.com 1,2,3,6,8
1357c.cc 1,5,6,8
1366.com 1,4,5,0
13852.cyou 2,4,5,6,7,0
139tu.com 1,2,4,5,7,8
13baba.com 1,3,5,0
13english.com 5,0
14-tataidc.co.in 1,4,7,0
141-hk.com 1,4,5,8
1411.com.do 1,3,4,5,7,8,0
143.cc 1,3,4,6,7
143porn.com 2,3,4
1450wlaf.com 1,2,4,5,6,7,8
1495014.com 3,4,5,6,7,8,0
14ip.net 4,5,6,0
14news.com.br 1,2,3,4,6,7,8,0
14v.de 1,2,5,8,0
15-candy.com 2,3,4,6,7,0
15110166167.com 1,3,6,7,0
152media.cloud 4,5,6,8
1557.kyiv.ua 3,4,0
1559.com 2,3,4,5,0
155api.com 1,2,3,4,5,6,8,0
155pic.com 1,2,4,5,7,8
156786.xyz 1,2,4,6,7,0
1580.lviv.ua 1,3,4,6,7
1588-39000.com 2,3,4,5,7,0
15combo.com 1,2
15haha.com 4,5,7
15heures.com 3,5,6,0
16-19.fr 1,2,3,5,6
1615vip.com 1,4,7,8
161669.com 1,4,8,0
161sex.com 1,4,7,8
1625k.com 1,4,5,6,0
163ai.top 1,2,7,8,0
1655.com.tw 1,7,0
1680660.com 1,2,4,5,7,8,0
1687580.com 5,6,8,0
168livechat.com 3,6,7,8
168worker.com 1,2,3,4
169e.cn 4,6,8
16k.club 1,4,8
16thcircuit.org 1,3,5,7
16x.zp.ua 6
170203.xyz 1,3,4,8,0
170systems.com 3,8
1711.com 4,6,7,8,0
17123.net 1,2,4,5,6,0
171xs.net 1,4,7
17996cdn.net 5
17app.co 1,3,4,5,6,7,8
17buy.idv.tw 1,3,4,5,6,7,8,0
17lands.com 3,5,6,0
17mybet.com 1,2,3,4,5,8
17thshard.com 1,3,4,0
17zw.net 4
18-sex-video.com 1,8
180.com.uy 1,5,8,0
1800accountant.com 1,3,4,0
1800flowers.com 5,7,8
1808.cf 3,4,8
180studios.com 2,4
1819news.com 1,2,4,7
182-airtel.com 4,0
18680611.xyz 1
186networks.net 4,7
188asia.com 1,2,3,0
188ging.com 6,8
188saja.com 1,5,7
189393.site 8,0
189ti.com 7,0
18avx.com 3,7
18comic.cc 2,0
18jeedx.com 5,0
18p2p.com 4,5,6,0
18park.com.tw 1
18xingtv.cc 5
18xxx.su 6
190cc.fr 5
