0.sb 1,2,3,4,5,6,8,0
000.pe 1,2,3,4,6,7,8,0
0000.cn 1,3,4,5,6,7,8,0
001shop.com.br 1,2,3,4,5,6,7,8,0
005679.com 1,2,3,4,5,6,7,8,0
009.am 1,2,3,4,5,6,7,0
00server.com 1,2,3,4,5,6,7,8,0
01-xnxx.com 1,2,3,4,5,6,7,8,0
01.org 1,2,3,4,5,6,7,8,0
011.com 1,2,3,4,5,6,7,8,0
0115765.com 1,2,3,4,5,6,8,0
011810.com 1,2,3,4,5,6,7,8,0
0123401234.com 1,2,3,4,5,6,7,8,0
0123movies.lol 1,2,3,4,5,6,7,8,0
0123movies.to 1,2,3,4,5,6,7,8,0
01800telefono.com.mx 1,2,3,4,5,6,7,8,0
01digital.com.br 1,2,3,4,5,6,7,8,0
01streaming.stream 1,2,3,4,5,6,7,8,0
01x.com.br 1,2,3,4,5,6,7,8,0
020.net 1,2,3,4,5,6,7,8,0
020tzs.com 1,2,3,4,5,6,7,8,0
020yibao.com 1,2,3,4,5,6,7,8,0
021dental.com.br 1,2,3,4,5,6,7,8,0
021huisheng.com 1,2,3,4,5,6,7,8,0
023n03dny.cc 1,2,3,4,5,6,7,8,0
025vslo7kf.com 1,2,3,4,5,6,7,8,0
028jgf.com 1,2,3,4,5,6,7,0
028xml.com 1,2,4,5,6,7,8,0
02es.com 1,2,3,4,5,6,7,8,0
037-hd.com 1,2,3,4,5,6,7,8,0
0371gspf.com 1,2,3,4,5,6,7,8,0
0371hzqq.com 1,2,3,4,5,6,7,8,0
03jili.com 1,2,3,4,5,6,7,8,0
03july.com 1,2,3,4,5,6,7,8,0
03xxx.net 1,2,3,4,5,6,7,8,0
03zj.com 1,2,3,4,5,6,7,8,0
04.co 1,2,3,4,5,6,7,8,0
0451marry.com 1,2,3,4,5,6,7,8,0
04fx.net 1,2,3,4,5,6,7,8,0
04uk.com 1,2,3,4,5,6,7,8,0
05.co 1,2,3,4,5,6,7,8
0531soso.com 1,2,3,4,5,6,7,8,0
0551bjb.com 1,2,3,4,5,6,8,0
05nia.com 1,2,3,4,5,6,8,0
06.co 1,2,3,5,6,7,8,0
0755nice.com 1,3,4,5,6,7,8,0
075661.xyz 1,2,3,4,5,6,7,8,0
07770555.com 1,2,3,4,5,6,7,8,0
07c225f3.online 1,2,3,4,5,6,7,8,0
0810010.com 1,2,3,4,5,6,7,8,0
0889.org 1,2,3,4,5,6,7,8,0
0901kk.com 1,2,3,4,5,6,7,8,0
0930-69.com 1,2,3,4,5,6,8,0
09sama.com 1,2,3,4,5,6,7,8
0bt0.com 1,2,3,4,5,6,7,8,0
0day.kiev.ua 1,2,3,4,5,6,7,8,0
0ffersonlinenow.com.es 1,2,3,4,5,6,7,8,0
0g.cx 1,2,3,4,5,6,7,8,0
0gb.us 1,2,3,4,5,6,7,8,0
0gomovies.com.vc 1,2,3,4,5,6,7,8,0
0j0.jp 1,2,3,4,5,6,7,8,0
0jl9lic.com 1,2,3,4,6,7,8,0
0ps.us 1,2,3,4,5,6,7,8,0
0rd.net 1,2,3,4,5,6,7,8,0
0vzu.org 1,2,3,4,6,7,8,0
0x0a.de 1,2,4,5,6,7,8,0
0xacab.org 1,2,3,4,5,6,7,8,0
0xprocessing.com 1,2,3,4,5,6,7,8,0
1-800-phonesex.com 1,2,3,4,5,6,7,8,0
1-fat.com 1,2,3,4,5,6,7,8,0
1-news.net 1,2,3,4,5,6,7,8,0
1-xbet7747922.top 1,2,3,4,5,6,7,0
1.me 1,2,3,4,5,6,7,8,0
10-fo.net 1,2,3,4,5,6,7,8,0
10.cn 1,2,3,4,5,6,7,0
100.ks.ua 1,3,4,5,6,7,8,0
10000birds.com 1,2,3,4,5,6,7,0
1001-rimes.com 1,2,3,4,5,6,7,8,0
1001cupomdedescontos.com.br 1,2,3,4,5,6,7,8
1001cuponesdedescuento.com.mx 1,2,3,4,5,7,8
1001festas.com.br 1,3,4,5,6,7,8,0
1001ideja.si 1,2,3,4,6,7,8,0
1001jogos.com.br 1,2,3,4,5,6,7,8,0
1004apo.com 1,2,3,4,5,6,7,8,0
1004nbs.com 1,2,3,4,5,6,7,8,0
10086zc.vip 1,2,4,5,6,7,8,0
100ballnik.com 3,6,7,8,0
100church.org 1,2,3,4,5,6,7,8,0
100k.uz 1,2,4,5,6,8,0
100mv.com 1,2,3,4,5,6,7,8,0
100nen-kankyo.jp 1,2,3,4,5,6,7,8,0
100noticias.com.ni 1,2,3,4,5,6,7,8,0
100percent.co.nz 1,2,3,4,5,6,7,8,0
100percent.eu 1,2,3,4,5,6,7,8,0
100percentclicks.com 1,2,3,4,5,6,7,8,0
100peso.com.br 1,2,3,4,5,6,7,8,0
100shmar.net 1,3,5,6,7,8,0
100vic.com 1,2,3,4,6,7,8,0
100yen-rentacar.jp 1,2,3,4,5,6,7,8,0
101desires.com 1,2,4,5,6,7,8,0
101domain.com 1,2,3,4,5,6,7,8,0
101ds.com 1,2,3,4,5,6,7,8,0
101novel.com 1,2,3,4,5,6,7,8,0
101sexstories.com 1,2,3,4,5,6,7,8,0
101teengirls.com 1,2,3,4,7,8,0
1024tera.com 2,4,5,6,7,8,0
102apps.com 1,2,3,4,5,8
102porno.club 2,3,4,5,6,7,8,0
1047games.com 1,2,3,4,5,7,8,0
105666000.com 1,4,5,6,8,0
105666444.com 1,2,3,4,5,6,7,8,0
1069boys.net 2,3,4,6,0
106sertaneja.com.br 1,2,4,5,7,0
1080design.co.nz 1,2,3,6,8,0
109.te.ua 1,2,3,4,5,6,7,8,0
109go.jp 1,2,3,4,5,6,7,0
10dddssjk.com 1,2,4,6,7,8,0
10g.kz 1,2,4,5,6,8,0
10haber.net 1,2,3,4,5,0
10haojk.com 2,3,5,6,7,8,0
10keiya.com 1,3,4,6,8,0
10short.pro 1,2,3,4,6,7,0
10star.com.my 1,2,3,4,5,6,7,8,0
10web-site.ai 1,3,4,5,6,7,0
111-tataidc.co.in 1,3,4,5,7,8,0
111.ind.in 1,2,3,4,5,6,7,8,0
1111-internet.com 3,6,7,8
1111111.com 1,2,3,5,6,7,0
1111systems.com 2,4,5,6,7,8,0
11155g.com 1,3,4,6,7,8
111emergency.co.nz 1,2,3,6,0
111percent.net 2,3,4,5,6,8,0
111sexcams.com 1,2,3,4,5,6,7,8,0
111tt.icu 1,2,3,4,5,6,7,0
1122.com.uy 1,2,3,4,5,7,8,0
112421.net 1,2,4,7,8,0
112999.xyz 1,3,4,5,6,7,0
114-tataidc.co.in 1,2,4,5,7,8,0
114514782.xyz 3,5,7,0
114514miaomiaowu.com 1,2,3,4,5,6,7,8
114onca.com 1,2,3,5,6,7,0
1152.com.hk 2,6,7,8,0
1156.com 1,2,4,5,6,8,0
1177.se 1,4,5,6,7,8,0
11828.cc 2,3,4,5,7,8
1183333.com 1,2,3,8
1188.store 1,2,3,4,6,8,0
118bb.xyz 1,2,3,4,5,7,8,0
118btc.com 1,2,3,4,5,6,7
118ghb.com 1,2,4,6,7,0
118ww.xyz 1,2,4,5,7,8
1199nwcovidresponse.org 3,4,8
11bit.co.in 1,3,4,5,6,7,8
11dmh.com 1,2,3,4,6,8
11n11.com.sg 1,2,4,6,7,0
11nn55.com 1,3,4,6,7
11sight.com 3,4,5,7,8,0
11thadmission.org.in 7
11thfloor.com.br 1,3,4,7,8,0
11x11.com 4,5
11xplay.com 1,2,3,5,6,0
11zonapis.com 2,5,6
120zhengxing.net 3,4
1212.mn 3,4,5,7
121219.xyz 2,3,4,7
1221.org.il 1,4
123-hd.me 2,5,8
123-movies.vc 8
123-movies.zone 5
123.game 1,2
123.net.nz 1
123.st 1,4,8
