0-100.it 1,2,3,4,5,6,7,8,0
000.pe 1,2,3,4,5,6,7,8,0
0003444.com 1,2,3,4,5,6,7,8,0
00055edc1917.com 1,2,3,4,5,6,7,8,0
0008d6ba2e.com 1,2,3,4,5,6,7,8,0
000webhostapp.com 1,2,3,4,5,6,7,8,0
005679.com 1,2,3,4,5,6,7,8,0
007.mn 1,2,3,4,5,6,7,8,0
007idc.cn 1,2,3,4,5,6,7,8,0
011.com 1,2,3,4,5,6,7,8,0
0115765.com 1,2,3,4,5,6,7,8,0
012.net.il 1,2,3,4,5,6,7,8,0
013.nl 1,2,3,4,5,6,7,8,0
018.net.il 1,2,3,4,5,6,7,8,0
01counter.com 1,2,3,4,5,6,7,8,0
020jinniu.com 1,2,3,4,5,6,7,8,0
021bababa.org 1,2,3,4,5,6,7,8,0
023001.com 1,2,3,4,5,6,7,8,0
025vslo7kf.com 1,2,3,4,5,6,7,8,0
028jes.com 1,2,3,4,5,6,7,8,0
037hdd.com 1,2,3,4,5,6,7,8,0
037hdmovie.com 1,2,3,4,5,6,7,8,0
03xxx.net 1,2,3,4,5,6,7,8,0
056.ua 1,2,3,4,5,6,7,8,0
06ak.com 1,2,3,4,5,6,7,8,0
06dns.com 1,2,3,4,5,6,7,8,0
0769zhifu.com 1,2,3,4,5,6,7,8,0
07770555.com 1,2,3,4,5,6,7,8,0
08online.com 1,2,3,4,5,6,7,8,0
098825.com 1,2,3,4,5,6,7,8,0
099.net.il 1,2,3,4,5,6,7,8,0
09sama.com 1,2,3,4,5,6,7,8,0
0bad.com 1,2,3,4,5,6,7,8,0
0fees.net 1,2,3,4,5,6,7,8,0
0ff.cc 1,2,3,4,5,6,7,8,0
0jl9lic.com 1,2,3,4,5,6,7,8,0
0magnet.co 1,2,3,4,5,6,7,8,0
0mn.io 1,2,3,4,5,6,7,8,0
0ps.us 1,2,3,4,5,6,7,8,0
0xem.ma 1,2,3,4,5,6,7,8,0
1-fat.com 1,2,3,4,5,6,7,8,0
1-stop.biz 1,2,3,4,5,6,7,8,0
10-10-10.jp 1,2,3,4,5,6,7,8,0
10-fo.net 1,2,3,4,5,6,7,8,0
100001.uno 1,2,3,4,5,6,7,8,0
1000bankov.ru 1,2,3,4,5,6,7,8,0
1000bero.net 1,2,3,4,5,6,7,8,0
1000mg.jp 1,2,3,4,5,6,7,8,0
1000ventures.com 1,2,3,4,5,6,7,8,0
1000wave.net 1,2,3,4,5,6,7,8,0
1000wordphilosophy.com 1,2,3,4,5,6,7,8,0
1001fonts.com 1,2,3,4,5,6,7,8,0
1004ya.net 1,2,3,4,5,6,7,8,0
100bucksbabes.com 1,2,3,4,5,6,7,8,0
100hub.com 1,2,3,4,5,6,7,8,0
100parcels.com 1,2,3,4,5,6,7,8,0
100percentdesign.co.uk 1,2,3,4,5,6,7,8,0
1010apothecary.com.tw 1,2,3,4,5,6,7,8,0
1010tires.com 1,2,3,4,5,6,7,8,0
1011now.com 1,2,3,4,5,6,7,8,0
101865.com 1,2,3,4,5,6,7,8,0
101com.com 1,2,3,4,5,6,7,8,0
101domain.com 1,2,3,4,5,6,7,8,0
101tubeporn.com 1,2,3,4,5,6,7,8,0
105666000.com 1,2,3,4,5,6,7,8,0
105666444.com 1,2,3,4,5,6,7,8,0
1069boys.xyz 1,2,3,4,5,6,7,8,0
1079ishot.com 1,2,3,4,5,6,7,8,0
1080kino.net 1,2,3,4,5,6,7,8,0
1097638.com 1,2,3,4,5,6,7,8,0
10bestdesign.com 1,2,3,4,5,6,7,8,0
10beststreamingservices.com 1,2,3,4,5,6,7,8,0
10dddssjk.com 1,2,3,4,5,6,7,8,0
10haojk.com 1,2,3,4,5,6,7,8,0
10minemail.com 1,2,3,4,5,6,7,8,0
10minutesemail.net 1,2,3,4,5,6,7,8,0
10mois.com 1,2,3,4,5,6,7,8,0
1105media.com 1,2,3,4,5,6,7,8,0
111-tataidc.co.in 1,2,3,4,5,6,7,8,0
111.ind.in 1,2,3,4,5,6,7,8,0
11155g.com 1,2,3,4,5,6,7,8,0
111topwin.com 1,2,3,4,5,6,7,8,0
111tt.icu 1,2,3,4,5,6,7,8,0
112421.net 1,2,3,4,5,6,7,8,0
113005.com 1,2,3,4,5,6,7,8,0
113366.com 1,2,3,4,5,6,7,8,0
114-tataidc.co.in 1,2,3,4,5,6,7,8,0
11510.net 1,2,3,4,5,6,7,8,0
11717.tw 1,4,5,6,7,8
11828.cc 1,3,4,5,6,7,8,0
1188.cz 1,2,3,4,5,6,7,8,0
1188.store 1,2,4,5,6,7,8,0
118bb.xyz 1,2,3,4,5,6,7,8,0
118ww.xyz 1,2,3,4,5,7,8,0
11bit.co.in 1,3,4,5,6,8,0
11bitstudios.com 1,2,3,4,5,7,0
11freunde.de 1,2,3,4,5,6,7,8,0
11teamsports.com 1,2,3,4,6,7,8,0
11ty.dev 1,2,3,4,5,6,7,8,0
120181311.xyz 1,2,3,4,5,6,7,8,0
121ds.cc 1,2,3,4,5,6,7,8,0
121du.net 1,2,3,4,5,6,7,8,0
123-reg-suspended.co.uk 1,2,3,4,5,6,7,8,0
12315tt.com 1,2,3,4,5,6,7,8,0
123186a.com 1,2,3,4,5,6,7,8,0
123604.com 1,2,3,4,5,6,7,8,0
1237bet.com 1,2,3,4,5,6,7,8,0
123c.vn 1,2,3,4,5,6,7,8,0
123caches.re 1,2,3,4,5,6,7,8,0
123compareme.com 1,2,3,4,5,6,7,8,0
123comparer.fr 1,2,3,4,5,6,8,0
123ddl.com 1,2,3,4,5,7,8,0
123dok.com 1,2,3,4,5,6,7,8,0
123doks.com 1,2,3,4,5,6,7,8,0
123duw.com 1,2,3,4,5,6,7,8,0
123guestbook.com 1,2,3,4,5,6,7,8,0
123inkjets.com 1,2,3,4,5,6,7,8,0
123movie.gs 1,2,3,4,5,6,7,8,0
123pmz.com 1,2,3,4,5,6,7,8,0
123print.com 1,2,3,4,5,6,7,8,0
123proxy.cc 1,2,3,4,5,6,7,8,0
123recht.net 1,2,3,4,5,6,7,8,0
1252a.xyz 1,2,3,4,5,6,7,8,0
126dbs.com 1,2,3,4,5,6,7,8,0
127777.com 1,2,3,4,5,6,7,8,0
1279a.xyz 1,2,3,4,5,6,7,8,0
1292a.xyz 1,2,3,4,5,6,7,8,0
12bet.com 1,2,3,4,5,6,7,8,0
12chats.com 1,2,3,4,5,6,7,8,0
12gigs.com 1,2,3,4,5,6,7,8,0
1337pro.com 1,2,3,4,5,6,7,8,0
1337x.st 1,2,3,4,5,6,7,8,0
1379a.xyz 1,2,3,4,5,6,7,8,0
1381a.xyz 1,2,3,4,5,6,7,8,0
138471.com 1,2,3,4,5,6,7,8,0
13852.cyou 1,2,3,4,5,7,8,0
1385a.xyz 1,2,3,4,5,6,7,8,0
139tu.com 1,2,3,4,5,6,7,8,0
13habitat.fr 1,2,3,4,5,6,7,8,0
14-tataidc.co.in 1,2,3,4,5,6,7,8,0
141-hk.com 1,2,3,4,5,6,7,8,0
1412hd.net 1,2,3,4,5,6,7,8,0
141jj.com 1,2,3,4,5,6,7,8,0
143porn.com 1,2,3,4,5,6,7,8,0
144bet.com 1,2,3,4,5,6,7,8,0
144bet2.com 1,2,3,4,5,6,7,8,0
1488familymedicinegroup.com 1,2,3,4,5,6,8,0
1494.kz 1,2,3,4,5,6,7,0
14jogo.com 1,2,3,4,5,6,7,8,0
14powers.com 1,2,3,4,5,6,7,8,0
1559.com 1,2,3,4,5,6,7,8,0
155pic.com 1,2,3,4,5,6,7,8,0
15combo.com 1,2,3,4,5,6,7,8,0
15d3c0325b.com 1,2,3,4,5,6,7,8,0
161669.com 1,2,3,4,5,6,7,8,0
162100.com 1,2,3,4,5,6,7,8,0
1625k.com 1,2,3,4,5,6,7,8,0
1655.com.tw 1,2,3,4,7,8,0
1680660.com 1,2,3,4,5,6,7,8,0
1687580.com 1,2,3,4,5,6,7,8,0
168977.net 1,2,3,4,5,6,7,8,0
168pbet.com 1,2,3,4,5,6,7,8,0
16clouds.com 1,2,3,4,5,6,7,8,0
16k.club 1,2,3,4,5,6,7,8,0
177picyy.com 1,2,3,4,5,6,7,8,0
17te.com 1,2,3,4,5,6,7,8,0
17vod.cc 1,2,3,4,5,6,7,8,0
1800wheelchair.com 1,2,3,4,5,6,7,8,0
181fm.com 1,2,3,4,5,6,7,8,0
1822direkt-banking.de 1,2,3,4,5,6,7,8,0
185r.net 1,2,3,4,5,6,7,8,0
18772b5091.com 1,2,3,4,5,6,7,8,0
188channel.com 1,2,3,4,5,6,7,8,0
189393.site 1,2,3,4,5,6,7,8,0
18comic.vip 1,2,3,4,5,6,7,8,0
18girlsex.net 1,2,3,4,5,6,7,8,0
18hanime.com 1,2,3,4,5,6,7,8,0
18hotporn.click 1,2,3,4,5,6,7,8,0
18insta.com 1,2,3,4,5,6,7,8,0
18j.tv 1,2,3,4,5,6,7,8,0
18jp.fun 1,2,3,4,5,6,7,8,0
18onlygirls.com 1,2,3,4,5,6,7,8,0
18p.fun 1,2,3,4,5,6,7,8,0
18pfun.com 1,2,3,4,5,6,7,8,0
18porno.tv 1,2,3,4,5,6,7,8,0
18pornsex.com 1,2,3,4,5,6,7,8,0
18sex.org 1,2,3,4,5,6,7,8,0
18sexual.fun 1,2,3,4,5,6,7,8,0
18top.link 1,2,3,4,5,6,7,8,0
18xingtv.cc 1,2,3,4,5,6,7,8,0
18xxx.pro 1,2,3,4,5,6,7,8,0
19-days-manga.com 1,2,3,4,5,6,7,8,0
1911addicts.com 1,2,3,4,5,6,7,8,0
1919gogo.com 1,2,3,4,5,6,7,8,0
193644.com 1,2,3,4,5,6,7,8,0
1966.gov.tw 1,2,3,4,5,6,7,8,0
1988550.com 1,2,3,4,5,6,7,8,0
199216net.ab.ca 1,2,3,4,5,6,7,8,0
1ace.in 1,2,3,4,5,6,7,8,0
1and1.fr 1,2,3,4,5,6,7,8,0
1blocker.com 1,2,3,4,5,6,7,8,0
1brd.com 1,2,3,4,5,6,7,8,0
1cdn.vn 1,2,3,4,5,6,7,8,0
1cloudfile.com 1,2,3,4,5,6,7,8,0
1da.ir 1,2,3,4,5,6,7,8,0
1daraz.com 1,2,3,4,5,6,7,8,0
1filmy4wap.autos 1,2,3,4,5,6,7,8,0
1freehosting.com 1,2,3,4,5,6,7,8,0
1gabba.pw 1,2,3,4,5,6,7,8,0
1geki.jp 1,2,3,4,5,6,7,8,0
1h9pic.com 1,2,3,4,5,6,7,8,0
1lejend.com 1,2,3,4,5,6,7,8,0
1life.com 1,2,3,4,5,6,7,8,0
1lordserial-0.xyz 1,2,3,4,5,6,7,8,0
1message.co.in 1,2,3,4,5,6,7,8,0
1ml.com 1,2,3,4,5,6,7,8,0
1p0rn.com 1,2,3,4,5,6,7,8,0
1p3a.com 1,2,3,4,5,6,7,8,0
1play.one 1,2,3,4,5,6,7,8,0
1shoo.ir 1,2,3,4,5,6,7,8,0
1shoppingcart.com 1,2,3,4,5,6,7,8,0
1short.info 1,2,3,4,5,6,7,8,0
1stformations.co.uk 1,2,3,4,5,6,7,8,0
1stkissmanhua.com 1,2,3,4,5,6,7,8,0
1stmanhwa.com 1,2,3,4,5,6,7,8,0
1tamilcrow.net 1,2,3,4,5,6,7,8,0
1tomplumber.com 1,2,3,4,5,6,7,8,0
1top.mobi 1,2,3,4,5,6,7,8,0
1vkx.cn 1,2,3,4,5,6,7,8,0
1vn.app 1,2,3,4,5,6,7,8,0
1w74.com 1,2,3,4,5,6,7,8,0
1webapp.website 1,2,3,4,5,6,7,8,0
1win.io 1,2,3,4,5,6,7,8,0
1wlbs.top 1,2,3,4,5,6,7,8,0
1word.ws 1,2,3,4,5,6,7,8,0
1wqdf.top 1,2,3,4,5,6,7,8,0
1x-00.com 1,2,3,4,5,6,7,8,0
1x-01.com 1,2,3,4,5,6,7,8,0
1x-04.com 1,2,3,4,5,6,7,8,0
1x-bet13357.com 1,2,3,4,5,6,7,8,0
1x-bet27518.com 1,2,3,4,5,6,7,8,0
1x-bet44019.com 1,2,3,4,5,6,7,8,0
1x-bet59060.com 1,2,3,4,5,6,7,8,0
1x-bet65157.com 1,2,3,4,5,6,7,8,0
1x-bet71662.com 1,2,3,4,5,6,7,8,0
1x-bet90533.com 1,2,3,4,5,6,7,8,0
1x-betua.com 1,2,3,4,5,6,7,8,0
1x10delbuengobierno.gob.ve 1,2,3,4,5,6,7,8,0
1x2networkhub.com 1,2,3,4,5,6,7,8,0
1xbet-1x.com 1,2,3,4,5,6,7,8,0
1xbet-38565.top 1,2,3,4,5,6,7,8,0
1xbet-tr1.com 1,2,3,4,5,6,7,8,0
1xbet-tr3.com 1,2,3,4,5,6,7,8,0
1xbet-tr4.com 1,2,3,4,5,6,7,8,0
1xbet.cd 1,2,3,4,5,6,7,8,0
1xbet.co.rw 1,2,3,4,5,6,7,8,0
1xbet.com 1,2,3,4,5,6,7,8,0
1xbet.et 1,2,3,4,5,6,7,8,0
1xbet.global 1,2,3,4,5,6,7,8,0
1xbet.go.ug 1,2,3,4,5,6,7,8,0
1xbet.lat 1,2,3,4,5,6,7,8,0
1xbet.net.za 1,2,3,4,5,6,7,8,0
1xbet.org.na 1,2,3,4,5,6,7,8,0
1xbet26.com 1,2,3,4,5,6,7,8,0
1xbet27.com 1,2,3,4,5,6,7,8,0
1xbet299064.top 1,2,3,4,5,6,7,8,0
1xbet32.com 1,2,3,4,5,6,7,8,0
1xbet34.com 1,2,3,4,5,6,7,8,0
1xbet35.com 1,2,3,4,5,6,7,8,0
1xbet36.com 1,2,3,4,5,6,7,8,0
1xbet43.com 1,2,3,4,5,6,7,8,0
1xbet50.com 1,2,3,4,5,6,7,8,0
1xbet54.com 1,2,3,4,5,6,8,0
1xbet777.com 1,2,3,4,5,6,7,8,0
1xbetbk1.com 1,2,3,4,5,6,7,8,0
1xbetbk13.com 1,2,3,4,5,6,7,8,0
1xbetbk16.com 1,2,3,4,5,6,7,8,0
1xbetbk17.com 1,2,3,4,5,6,7,8,0
1xbetbk2.com 1,2,3,4,5,6,7,8,0
1xbett.mobi 1,2,3,4,5,6,7,8,0
1xmobi.com 1,2,3,4,5,6,7,8,0
1xslot.com 1,2,3,4,5,6,7,8,0
1xslotspartners.com 1,2,3,4,5,6,7,8,0
1xsport.mobi 1,2,3,4,5,6,7,8,0
1xxx.fun 1,2,3,4,5,6,7,8,0
2-d.jp 1,2,3,4,5,6,7,8,0
2-lt.com 1,2,3,4,5,6,7,8,0
20014.com 1,2,3,4,5,6,7,8,0
200rf.com 1,2,3,4,5,6,7,8,0
2017058.com 1,2,3,4,5,6,7,8,0
2020-0o0o0.com 1,2,3,4,5,6,7,8
2020kj.com 1,2,3,4,5,6,7,8,0
2022gay.fun 1,2,3,4,7,8,0
2024mjs.com 1,2,3,4,5,6,7
202522.xyz 1,2,3,4,5,6,7,8,0
20baft.com 1,2,3,4,5,6,7,8,0
20jack.com 1,2,3,4,5,6,7,8,0
20script.ir 1,2,3,4,5,6,7,8,0
21.tv 1,2,3,4,5,6,7,8,0
213464.com 1,2,3,4,5,6,7,8,0
216144.com 1,2,3,4,6,7,8,0
216456.cc 4,5,6,7,8,0
219454.com 1,2,3,4,5,6,0
21buttons.com 1,2,3,4,5,6,7,8
21ctl.com 3,6,7,8,0
21sme.com 1,2,5,6,7,8,0
21vek.by 1,2,3,4,5,6,7,8,0
21vv.cc 1,2,3,4,5,6,7,8,0
2218av.com 1,2,3,4,5,6,7,8,0
2219.net 1,2,3,4,5,6,7,8,0
222tt.icu 1,2,3,4,5,6,7,8,0
2244039.com 1,2,3,4,5,6,7,8,0
224gen.com 1,2,3,4,5,6,7,8,0
2260.com 1,2,3,4,5,6,7,8,0
22bets.me 1,2,3,4,5,6,7,8,0
22nn55.com 1,2,3,4,5,6,7,8,0
2330.com 1,2,3,4,5,6,7,8,0
233654.com 1,2,3,4,5,6,7,8,0
23396b.com 1,2,3,4,5,6,7,8,0
236bet.com 1,2,3,4,5,6,7,8,0
236bet1.com 1,2,3,4,5,6,7,8,0
236bet2.com 1,2,3,4,5,6,7,8,0
23dd.cc 1,2,3,4,5,6,7,8,0
23sk.net 1,2,3,4,5,6,7,8,0
23uswx.net 1,2,3,4,5,6,7,8,0
24.net.pl 1,2,3,4,5,6,7,8,0
24028.jp 1,2,3,4,5,6,7,8,0
2407.pl 1,2,3,4,5,6,7,8,0
24267011001882311802.com 1,2,3,4,5,6,7,8,0
247e.com 1,2,3,4,5,6,7,8,0
247fap.com 1,2,3,4,5,6,7,8,0
247sports.com 1,2,3,4,5,6,7,8,0
248am.com 1,2,3,4,5,6,7,8,0
24abc.net 1,2,3,4,5,6,7,8,0
24coinbet.net 1,2,3,4,5,6,7,8,0
24girl.org 1,2,3,4,5,6,7,8,0
24h.sex 1,2,3,4,5,6,7,8,0
24hjav.com 1,2,3,4,5,6,7,8,0
24hstore.vn 1,2,3,4,5,6,7,8,0
24live.co.in 1,2,3,4,5,6,7,8,0
24lottos.com 1,2,3,4,5,6,7,8,0
24porn.pro 1,2,3,4,5,6,7,8,0
24pornvideo.cc 1,2,3,4,5,6,7,8,0
24pornvideos.cc 1,2,3,4,5,6,7,8,0
24ru.com 1,2,3,4,5,6,7,8,0
24tsag.mn 1,2,3,4,5,6,7,8,0
24x7.com.mk 1,2,3,4,5,6,7,8,0
24xxx-x.com 1,2,3,4,5,6,7,8,0
24xxxvideos.cc 1,2,3,4,5,6,7,8,0
24yed.com 1,2,3,4,5,6,7,8,0
250x.com 1,2,3,4,5,6,7,8,0
2525.biz 1,2,3,4,5,6,7,8,0
25557s.com 1,2,3,4,5,6,7,8,0
256wx.net 1,2,3,4,5,6,7,8,0
256zw.cc 1,2,3,4,5,6,7,8,0
257bet1.com 1,2,3,4,5,6,7,8,0
257bet2.com 1,2,3,4,5,6,7,8,0
257bet4.com 1,2,3,4,5,6,7,8,0
257bet5.com 1,2,3,4,5,6,7,8,0
25img.com 1,2,3,4,5,6,7,8,0
25iq.com 1,2,3,4,5,6,7,8,0
268gr.com 1,2,3,4,5,6,7,8,0
26img.com 1,2,3,4,5,6,7,8,0
26ks.org 1,2,3,4,5,6,7,8,0
26style.net 1,2,3,4,5,6,7,8,0
27-tataidc.co.in 1,2,3,4,5,6,7,8,0
276x.xyz 1,2,3,4,5,6,7,8,0
28365365.com 1,2,3,4,5,6,7,8,0
286144.com 1,2,3,4,5,6,7,8,0
288365.com 1,2,3,4,5,6,7,8,0
288sb.com 1,2,3,4,5,6,7,8,0
290997c.com 1,2,3,4,5,6,7,8,0
2animx.com 1,2,3,4,5,6,7,8,0
2b0t0c1.com 1,2,3,4,5,6,7,8,0
2b2t.org 1,2,3,4,5,6,7,8,0
2babes.com 1,2,3,4,5,6,7,8,0
2bgay.com 1,2,3,4,5,6,7,8,0
2bm.com.tw 1,2,3,4,5,6,7,8,0
2books.su 1,2,3,4,5,6,7,8,0
2bzha.com 1,2,3,4,5,6,7,8,0
2c8.com 1,2,3,4,5,6,7,8,0
2ch-c.net 1,2,3,4,5,6,7,8,0
2ch-matomenews.com 1,2,3,4,5,6,7,8,0
2ch-uwaki.com 1,2,3,4,5,6,7,8,0
2ch.life 1,2,3,4,5,6,7,8,0
2ch.net 1,2,3,4,5,6,7,8,0
2ch.sc 1,2,3,4,5,6,7,8,0
2chan.net 1,2,3,4,5,6,7,8,0
2chav.com 1,2,3,4,5,6,7,8,0
2cheroimanga.xyz 1,2,3,4,5,6,7,8,0
2chmatome2.jp 1,2,3,4,5,6,7,8,0
2cnt.net 1,2,3,4,5,6,7,8,0
2co.com 1,2,3,4,5,6,7,8,0
2cycomic.com 1,2,3,4,5,6,7,8,0
2day.kh.ua 1,2,3,4,5,6,7,8,0
2db.com 1,2,3,4,5,6,7,8,0
2dfan.org 1,2,3,4,5,6,7,8,0
2dimg.com 1,2,3,4,5,6,7,8,0
2embed.cc 1,2,3,4,5,6,7,8,0
2giskz.app 1,2,3,4,5,6,7,8,0
2h5pic.com 1,2,3,4,5,6,7,8,0
2hub.ru 1,2,3,4,5,6,7,8,0
2ji.pink 1,2,3,4,5,6,7,8,0
2knowmyself.com 1,2,3,4,5,6,7,8,0
2kz.net 1,2,3,4,5,6,7,8,0
2nunu.com 1,2,3,4,5,6,7,8,0
2rinkan.jp 1,2,3,4,5,6,7,8,0
2style.net 1,2,3,4,5,6,7,8,0
2th.me 1,2,3,4,5,6,7,8,0
2u2u2u.co 1,2,3,4,5,6,7,8,0
2usrqwl1z.com 1,2,3,4,5,6,7,8,0
2xy2.com 1,2,3,4,5,6,7,8,0
2yp9n6b.cc 1,2,3,4,5,6,7,8,0
2yt.info 1,2,3,4,5,6,7,8,0
3-559.com 1,2,3,4,5,6,7,8,0
300011facai.xyz 1,2,3,4,5,6,7,8,0
300hours.com 1,2,3,4,5,6,7,8,0
301cname.com 1,2,3,4,5,7,8,0
301cndcloud.com 1,2,3,4,5,6,7,8,0
301seven.pw 1,2,3,4,5,6,7,8,0
30orless.com 1,2,3,4,5,6,7,8,0
30shine.com 1,2,3,4,5,6,7,8,0
31.kz 1,2,3,4,5,6,7,8,0
310tk.com 1,2,3,4,5,6,7,8,0
317678.cc 1,2,3,4,5,6,7,8,0
318282c.com 1,2,3,4,5,6,7,8,0
31bz.net 1,2,3,4,5,6,7,8,0
31philliplim.com 1,2,3,4,5,6,7,8,0
31sdm.jp 1,2,3,4,5,6,7,8,0
320kbps.com.in 1,2,3,4,5,6,7,8,0
3237.com 1,2,3,4,5,6,7,8,0
3256871.com 1,2,3,4,6,7,8,0
32pt.com 1,2,3,4,5,6,7,8,0
333bet.bet 1,2,3,4,5,6,7,8,0
333bet.casino 1,2,3,4,5,6,7,8,0
333bet.com 1,2,3,4,5,6,7,8,0
333bet0.com 1,2,3,4,5,6,7,8,0
333bet1.com 1,2,3,4,5,6,7,8,0
333bet2.com 1,2,3,4,5,6,7,8,0
333bet4.com 1,2,3,4,5,6,7,8,0
333bet6.com 1,2,3,4,5,6,7,8,0
333bet8.com 1,2,3,4,5,6,7,8,0
3359.com 1,2,3,4,5,6,7,8,0
338a.com 1,2,3,4,5,6,7,8,0
33man.jp 1,2,3,4,5,6,7,8,0
34007aa.com 1,2,3,4,5,6,7,8,0
345123.xyz 1,2,3,4,5,6,7,8,0
34iii.cn 1,2,3,4,5,6,7,8,0
350.org 1,2,3,4,5,6,7,8,0
352722.com 1,2,3,4,5,6,7,8,0
353593b.com 1,2,3,4,5,6,7,8,0
35362a.com 1,2,3,4,5,6,7,8,0
360learning.com 1,2,3,4,5,6,7,8,0
365-288.com 1,2,3,4,5,6,7,8,0
365-808.com 1,2,3,4,5,6,7,8,0
365-yz.com 1,2,3,4,5,6,7,8,0
365365104.com 1,2,3,4,5,6,7,8,0
365365304.com 1,2,3,4,5,6,7,8,0
365838.com 1,2,3,4,5,6,7,8,0
365cash.co 1,2,3,4,5,6,7,8,0
365cycles.com 1,2,3,4,5,6,7,8,0
365ibet365.com 1,2,3,4,5,6,7,8,0
365pornmovs.com 1,2,3,4,5,6,7,8,0
365sb.com 1,2,3,4,5,6,7,8,0
365sport365.com 1,2,3,4,5,6,7,8,0
365tvda.com 1,2,3,4,5,6,7,8,0
36717.info 1,2,3,4,5,6,7,8,0
36717.pw 1,2,3,4,5,6,7,8,0
369tk.com 1,2,3,4,5,6,7,8,0
36dm.org 1,2,3,4,5,6,7,8,0
380.tw 1,2,3,4,5,6,7,8,0
38dmitaotun.com 1,2,3,4,5,6,7,8,0
38dmitaotun69.com 1,2,3,4,5,6,7,8,0
38fm.top 1,2,3,4,5,6,7,8,0
38news.jp 1,2,3,4,5,6,7,8,0
38spa.com 1,2,3,4,5,6,7,8,0
3axis.co 1,2,3,4,5,6,7,8,0
3birdsmarketing.com 1,2,3,4,5,6,7,8,0
3cx.cloud 1,2,3,4,5,6,7,8,0
3cx.uk 1,2,3,4,5,6,7,8,0
3d-sex.net 1,2,3,4,5,6,7,8,0
3dbrute.com 1,2,4,5,6,7,8,0
3dcart.com 1,2,3,4,5,6,7,8,0
3dcomixsex.com 1,2,3,4,5,6,7,8,0
3dinsider.com 1,2,3,4,5,6,7,8,0
3dlat.com 1,2,3,4,5,6,7,8,0
3dm3.com 1,2,3,4,5,6,7,8,0
3dmili.com 1,2,3,4,5,6,7,8,0
3dporntoon.com 1,2,3,4,5,6,7,8,0
3dprintbeginner.com 1,2,3,4,5,6,7,8,0
3dr.com 1,2,3,4,5,6,7,8,0
3drobotics.com 1,2,3,4,5,6,7,8,0
3druck.com 1,2,3,4,5,6,7,8,0
3dsecure-csas.cz 1,2,3,4,5,6,7,8,0
3dsecure.no 1,2,3,4,5,6,7,8,0
3dweb.co.uk 1,2,3,4,5,6,7,8,0
3edda.com 1,3,4,5,6,7,8,0
3eiq.com 1,2,3,4,5,6,7,8,0
3games.io 1,2,3,4,5,6,7,8,0
3gpporn.org 1,2,3,4,5,6,7,8,0
3kcams.com 1,2,3,4,5,6,7,8,0
3mcompany.jp 1,2,3,4,5,6,7,8,0
3mitalia.it 1,2,3,4,5,6,7,8,0
3movs.top 1,2,3,4,5,6,7,8,0
3naked.com 1,2,3,4,5,6,7,8,0
3o3.co.kr 1,2,3,4,5,6,7,8,0
3oopark.com 1,2,3,4,5,6,7,8,0
3pornhere.com 1,2,3,4,5,6,7,8,0
3prn.com 1,2,3,4,5,6,7,8,0
3pulse.com 1,2,3,4,5,6,7,8,0
3qsdn.com 1,2,3,4,5,6,7,8,0
3rbstars.com 1,2,3,4,5,6,7,8,0
3sex.com 1,2,3,4,5,6,7,8,0
3si.org 1,2,3,4,5,6,7,8,0
3sk.life 1,2,3,4,5,6,7,8
3stecnologia.eti.br 6,7,8,0
3uxiaoshuo.com 1,2,3,4,5,6,7,8,0
3xchina.net 1,2,3,4,5,6,7,8,0
3xjnfsgp.com 1,2,3,4,5,6,7,8,0
3xxxtube.com 1,2,3,4,5,6,7,8,0
3xxxvdos.com 1,2,3,4,5,6,7,8,0
3yjmrtkwpxsj.com 1,2,3,4,5,6,7,8,0
4-kfilm.com 1,2,3,4,5,6,7,8,0
4-paws.org 1,2,3,4,5,6,7,8,0
40489a.com 1,2,3,4,5,6,7,8,0
4100.com 1,2,3,4,5,6,7,8,0
411mania.com 1,2,3,4,5,6,7,8,0
416477.com 1,2,3,4,5,6,8,0
41nr.com 1,2,3,4,5,6,7,8,0
425degree.com 1,2,3,4,5,6,7,8,0
42lines.net 1,2,3,4,5,6,7,8,0
4393.cc 1,2,3,4,5,6,7,8,0
4398t9384ht873hq8.live 1,3,8,0
444.coffee 1,2,3,4,5,6,7,8,0
444.com 1,2,3,4,5,6,7,8,0
44444e.cc 1,2,3,4,5,6,7,8,0
444aar.com 1,2,3,4,5,6,7,8,0
444app.com 1,2
